ps1_objid,ps1_ra,ps1_ra_error,ps1_dec,ps1_dec_error,ps1_gpsf,ps1_gpsf_error,ps1_rpsf,ps1_rpsf_error,ps1_ipsf,ps1_ipsf_error,ps1_zpsf,ps1_zpsf_error,ps1_ypsf,ps1_ypsf_error,teff,logg,feh,sam_g,sam_r,sam_i,sam_z,sam_y,sam_j,sam_h,sam_k,scale_factor,scale_factor_error,chi2,computed_j,computed_j_error,computed_h,computed_h_error,computed_k,computed_k_error,gaia_source_id,gaia_ra,gaia_ra_error,gaia_dec,gaia_dec_error,gaia_parallax,gaia_parallax_error,gaia_pm,gaia_pm_ra,gaia_pm_ra_error,gaia_pm_dec,gaia_pm_dec_error,gaia_ruwe,objinfoflag,qualityflag,ndetections,nstackdetections,ginfoflag,ginfoflag2,ginfoflag3,rinfoflag,rinfoflag2,rinfoflag3,iinfoflag,iinfoflag2,iinfoflag3,zinfoflag,zinfoflag2,zinfoflag3,yinfoflag,yinfoflag2,yinfoflag3,SAM Flag
1.0662334817786266e+17,334.81783338,0.01867000013589859,-1.1481102,0.018279999494552612,20.69498920625737,0.024588010642553816,20.535728293970326,0.019636270837785606,20.47318767335825,0.026314178998782835,20.40191462425676,0.035789145477781184,20.29136126632367,0.07432404282263404,6000.0,0.0,1.0,-38.528477,-38.710631,-38.767002,-38.813574,-38.82603,-38.694064,-38.481004,-38.013706,59.208579012833276,0.018425542805229612,0.07082687852227312,19.655324963791617,0.018425542805229612,19.369752259632,0.018425542805229612,19.366515615357137,0.018425542805229612,2.677626373472309e+18,334.81783520739884,0.9499535,-1.1481105798174887,0.8853545,-1.5049948376740543,1.1939049,1.4596643,0.09437778234915283,1.1319261,-1.4566100007028946,1.0302737,1.0252376,436527104.0,52.0,50.0,5.0,262144005.0,524416.0,196608.0,262144069.0,524416.0,196608.0,262144005.0,524416.0,196608.0,262144069.0,524416.0,196608.0,195035141.0,524416.0,196608.0
1.065133488711926e+17,334.88710472,0.014600000344216824,-1.23986803,0.014879999682307243,21.635502944045665,0.042296007079349544,21.006364921479015,0.02404810531395942,20.788683643928756,0.02604612822061137,20.709704091549156,0.04758810135693553,20.515967884305162,0.09113803279213147,4900.0,5.0,-2.0,-37.133188,-37.691784,-37.934121,-38.034155,-38.104453,-38.186576,-38.247609,-37.807096,58.71078489706156,0.023337894327732138,0.13785842014125776,19.665018848019894,0.023337894327732138,19.105353143860285,0.023337894327732138,19.075331499585417,0.023337894327732138,-999,-999,-999,-999,-999,-999,-999,-999,-999,-999,-999,-999,-999,436527104.0,52.0,61.0,5.0,195035141.0,655488.0,196608.0,262144069.0,524416.0,196608.0,262144069.0,524416.0,196608.0,195035205.0,524416.0,196608.0,195035141.0,655360.0,196608.0
1.0659335023804422e+17,335.0238456,0.025369999930262566,-1.17187953,0.02582000009715557,22.220639237625008,0.11132850394979688,21.448400884516776,0.036663085111066945,21.0026382845767,0.03199100251879203,20.897858545085597,0.07663605212395419,20.534131590020202,0.10721502310347827,3700.0,5.25,-4.0,-36.098864,-37.119422,-37.429887,-37.351073,-37.826479,-37.88875,-38.202497,-37.656479,58.385878708364864,0.03584956764478113,0.520782921883528,19.6379386593232,0.03584956764478113,18.825558955163586,0.03584956764478113,18.901042310888727,0.03584956764478113,-999,-999,-999,-999,-999,-999,-999,-999,-999,-999,-999,-999,-999,436527104.0,52.0,25.0,5.0,195035141.0,655360.0,196608.0,262144069.0,655488.0,196608.0,262144005.0,524416.0,196608.0,195035141.0,655360.0,196608.0,195035141.0,655360.0,196608.0
1.0634334948619067e+17,334.94859128,0.0059899999760091305,-1.38317734,0.006169999949634075,21.45672187526975,0.04190206904379687,20.245170703297116,0.013838259110467847,19.54640025498654,0.007200540488694536,19.176957986245895,0.013749363965687609,18.99944763029066,0.02542212855255885,3700.0,5.25,-3.8,-35.321296,-36.317193,-36.986985,-37.128968,-37.499213,-37.672445,-37.998751,-37.539705,56.535670690017994,0.01064792602959407,0.7005006489409297,18.00403564097633,0.01064792602959407,17.17909693681672,0.01064792602959407,17.167608292541857,0.01064792602959407,2.6776055858307886e+18,334.9485869317965,0.7842556,-1.383188201485026,0.63487244,0.8012444363691755,0.9715939,11.787538,-3.0853249413163457,0.7759861,-11.376590497650932,0.8210551,1.0995394,436527104.0,52.0,78.0,5.0,195035141.0,655488.0,196608.0,262144069.0,524416.0,196608.0,262144069.0,524416.0,196608.0,262144069.0,524416.0,196608.0,262144069.0,524416.0,196608.0
1.0667334925051504e+17,334.92505405,0.007180000189691782,-1.10456413,0.006839999929070473,20.713274539625022,0.026125585011030645,19.438423306981576,0.00806488602138187,17.96969601902704,0.0027060391527637838,17.362478603321325,0.0034795137493836277,16.954989680420226,0.00438880420760496,3300.0,5.25,-4.0,-33.270908,-34.470102,-35.584091,-36.085661,-36.673823,-37.22328,-37.517753,-37.143257,53.704689429875046,0.00560813639244839,3.1540159005758235,15.622219380833382,0.00560813639244839,14.82911367667377,0.00560813639244839,14.73307503239891,0.00560813639244839,2.6776260642349727e+18,334.92505565314224,0.2462915,-1.1045737861340128,0.24754682,2.410716593067559,0.27720207,28.593895,5.3088284010443445,0.3452587,-28.096747010927185,0.31281817,1.1620302,503635968.0,60.0,72.0,5.0,262144005.0,524416.0,196608.0,262144069.0,524416.0,196608.0,262144069.0,524416.0,196608.0,262144069.0,524416.0,196608.0,262144069.0,524416.0,196608.0
1.0643335243264834e+17,335.24325424,0.018050000071525574,-1.30184605,0.01775999926030636,21.228976488657644,0.03633201818234906,21.096136538473385,0.028160114568992853,20.902686856222793,0.028347131140443266,21.029329153887407,0.0664080758144495,20.89378070825973,0.13074402018466105,6062.5,1.0,1.0,-38.540368,-38.729275,-38.792535,-38.81613,-38.827437,-38.722758,-38.534245,-38.059809,59.77133094910019,0.03125418294504566,0.09827115927635147,20.18938290005853,0.03125418294504566,19.879263195898915,0.03125418294504566,19.88316455162405,0.03125418294504566,-999,-999,-999,-999,-999,-999,-999,-999,-999,-999,-999,-999,-999,436527104.0,52.0,47.0,5.0,262144005.0,524416.0,196608.0,262144069.0,655488.0,196608.0,262144069.0,524416.0,196608.0,195035141.0,655360.0,196608.0,195035141.0,655360.0,196608.0
1.0652335236897194e+17,335.23693993,0.0076299998909235,-1.23212315,0.00877000018954277,20.395503418346685,0.016589438809873583,20.124234040897488,0.01130383209119382,20.171289111601038,0.012848501538588781,20.19051398685133,0.050693108098517806,19.950661525675937,0.0647470547400234,6125.0,0.0,-2.0,-38.667314,-38.937937,-38.961256,-38.965756,-39.004651,-38.807087,-38.525131,-38.063701,59.07382321667449,0.017123133355732716,0.11474204652857892,19.407546167632827,0.017123133355732716,19.190869463473213,0.017123133355732716,19.18176481919835,0.017123133355732716,2.6776116675042355e+18,335.2369350682415,0.7353511,-1.2321200616311756,0.7533655,-0.6014173060895331,0.70346826,1.3646845,1.357378271651544,1.0335419,0.14102428900704167,1.0354381,0.97829175,436527248.0,52.0,66.0,5.0,262144069.0,524416.0,196608.0,262144069.0,524416.0,196608.0,262144069.0,524416.0,196608.0,195035141.0,524288.0,196608.0,195035141.0,524416.0,196608.0
1.0659334805235323e+17,334.80527438,0.011660000309348106,-1.17269555,0.005799999926239252,21.691641305515663,0.06364001128336659,20.354387628611143,0.01574903860631063,19.21823776648836,0.007207285818717883,18.713340133637065,0.008692535103884168,18.50694380306032,0.015020195966217531,3600.0,5.25,-3.7,-34.370028,-35.353768,-36.408712,-36.78025,-37.127324,-37.440923,-37.784489,-37.399731,55.70492652746251,0.01363993354153695,1.7436067704871374,17.404813478420852,0.01363993354153695,16.562614774261235,0.01363993354153695,16.47683812998637,0.01363993354153695,2.67762411002399e+18,334.80527394118474,0.57374394,-1.1727004606416864,0.5002577,0.717699116230544,0.8296015,15.006947,2.9136349756453024,0.64585775,-14.72138545183811,0.67191654,1.039645,436527104.0,52.0,68.0,10.0,195035141.0,524288.0,0.0,262144069.0,524416.0,0.0,262144069.0,524416.0,0.0,262144069.0,524416.0,0.0,262144069.0,524416.0,0.0
1.0623334930061742e+17,334.93010959,0.01549999974668026,-1.46924806,0.015530000440776348,23.227938908215997,0.19307028786455152,22.16934340757466,0.07207146797817626,20.575110345591053,0.02138014157795856,19.987564643921658,0.02631110757068602,19.581675608388892,0.046787029573383404,3500.0,3.25,-3.0,-33.677217,-34.602317,-35.952519,-36.488743,-36.782246,-37.192955,-37.549409,-37.234588,56.60893498273845,0.042806001226192804,3.8811473609066716,18.556789933696788,0.042806001226192804,17.701703229537173,0.042806001226192804,17.545989585262305,0.042806001226192804,-999,-999,-999,-999,-999,-999,-999,-999,-999,-999,-999,-999,-999,436527104.0,52.0,38.0,5.0,195035141.0,655360.0,196608.0,195035141.0,655360.0,196608.0,262144005.0,524416.0,196608.0,262144005.0,524416.0,196608.0,195035141.0,655360.0,196608.0
1.0675335070869122e+17,335.07088915,0.003539999946951866,-1.04106585,0.0027000000700354576,19.554779983161065,0.01153660087251635,18.628337963170566,0.0038011234955347864,18.16640006754787,0.0043477032586563226,17.956482646604165,0.00577095814109694,17.91126049372415,0.010452362323997795,4375.0,1.75,0.7,-36.221091,-37.04308,-37.427088,-37.605675,-37.711267,-37.871902,-38.027882,-37.63029,55.64509243084157,0.003515679502820495,0.30345282629351494,16.914000381799912,0.003515679502820495,16.259387677640298,0.003515679502820495,16.18644503336543,0.003515679502820495,2.677631080756526e+18,335.07089264602297,0.19338906,-1.0410699420765095,0.20299423,0.9309263968234701,0.22514677,15.398494,8.78771446198441,0.2403426,-12.6447496350516,0.24078767,1.0354068,503635968.0,60.0,68.0,5.0,262144069.0,524416.0,196608.0,262144069.0,524416.0,196608.0,262144069.0,524416.0,196608.0,262144069.0,524416.0,196608.0,262144069.0,524416.0,196608.0
1.0640335051187845e+17,335.05117429,0.0032599999103695154,-1.32665536,0.003329999977722764,19.862516163414806,0.016428937391972518,18.748191312420715,0.0042384289137910956,18.245218744579933,0.0034819518596574442,18.151416259208144,0.007162760544680801,17.891899707194334,0.013233280319829411,3800.0,5.25,-3.8,-35.867083,-36.863333,-37.336236,-37.374505,-37.714677,-37.807618,-38.129643,-37.640044,55.61101523736359,0.004588782404443276,0.22402525528020364,16.94420718832193,0.004588782404443276,16.12354948416231,0.004588782404443276,16.142613839887446,0.004588782404443276,2.677607716134255e+18,335.05117304607245,0.29263443,-1.326655699677887,0.26236528,1.0983605972561485,0.3542973,3.2904308,0.8945480325373085,0.33784154,-3.1664993913311617,0.33184627,0.97832745,503635968.0,60.0,65.0,5.0,262144005.0,524416.0,196608.0,262144069.0,524416.0,196608.0,262144005.0,524416.0,196608.0,262144069.0,524416.0,196608.0,262144069.0,524416.0,196608.0
1.0630334986079467e+17,334.98615315,0.007379999849945307,-1.41315746,0.00674000009894371,22.925258696999244,0.13682300422362126,21.965888294534018,0.05645115424718599,19.644711523869358,0.008588015627936312,18.64775651163477,0.009477374423458,18.034482014523494,0.012305158448180456,3200.0,4.0,-4.0,-31.720552,-32.679136,-34.533824,-35.525384,-36.130452,-36.92427,-37.349154,-37.064327,54.36148900831219,0.0298142642796629,9.217295001134888,16.57802895927053,0.0298142642796629,15.654512255110916,0.0298142642796629,15.468804610836054,0.0298142642796629,2.67760249345454e+18,334.9861611147404,0.96403396,-1.4131624332771806,0.87781036,5.375150150854443,1.2359704,51.979946,44.73010598482142,0.87712926,-26.47890818378199,1.1273378,1.1599549,503635968.0,60.0,54.0,5.0,195035141.0,655360.0,196608.0,195035141.0,655360.0,196608.0,262144069.0,524416.0,196608.0,262144069.0,524416.0,196608.0,262144069.0,524416.0,196608.0
1.0660334951281494e+17,334.95127865,0.008390000090003014,-1.16293785,0.006550000049173832,20.01672559367476,0.014786361685737829,18.556406814882585,0.0034670686565946357,17.58350045950021,0.0020663558710054208,17.19753384110642,0.0031697245081442702,16.912237115427114,0.004308863993592462,3500.0,5.25,-3.8,-34.337726,-35.495704,-36.362655,-36.694183,-37.110089,-37.41685,-37.655807,-37.27262,54.053352164918216,0.003246785154145209,1.235150931528404,15.777312115876558,0.003246785154145209,15.039722411716937,0.003246785154145209,14.952374767442075,0.003246785154145209,2.677622632555815e+18,334.95128233221914,0.16039512,-1.1629382272217856,0.15296058,1.4281024929846156,0.18506426,11.004496,10.269765965306586,0.18865037,-3.953583237375092,0.19017506,0.9581295,503635968.0,60.0,80.0,5.0,262144069.0,524416.0,196608.0,262144069.0,524416.0,196608.0,262144069.0,524416.0,196608.0,262144069.0,524416.0,196608.0,262144069.0,524416.0,196608.0
1.063233501552316e+17,335.01548669,0.008019999600946903,-1.39901102,0.019910000264644623,21.524589531815256,0.04665601097940506,20.534978243145577,0.01653415968035527,19.964164255947082,0.012404273666129634,19.65020640535904,0.020817236747564995,19.621088508496978,0.055473057481478134,4062.5,3.0,1.0,-35.644212,-36.581133,-37.037411,-37.261196,-37.394323,-37.607909,-37.805432,-37.465593,57.04266038895279,0.015639239436977283,0.5321710276294754,18.57556133991113,0.015639239436977283,17.87940563575151,0.015639239436977283,17.74870999147665,0.015639239436977283,2.6776026351877356e+18,335.01548789373106,1.3278306,-1.399009718946822,1.1037132,0.2942977701599459,1.6323782,8.435049,8.412800906431253,1.1420866,0.6122301030673634,1.6282668,0.9951912,436527104.0,52.0,75.0,5.0,195035141.0,655488.0,196608.0,262144069.0,524416.0,196608.0,262144069.0,524416.0,196608.0,262144069.0,524416.0,196608.0,195035141.0,524416.0,196608.0
1.0657335215764312e+17,335.21575952,0.007579999975860119,-1.18945035,0.0034199999645352364,20.180274540017656,0.014449305527889679,19.01894582916265,0.005205075110620892,18.081279146249308,0.0030233138616452457,17.658884545835612,0.005393015128385089,17.396780396118896,0.009522392037636374,3600.0,5.25,-3.8,-34.710644,-35.721542,-36.595287,-36.865073,-37.264321,-37.534743,-37.866763,-37.442545,54.69860629147683,0.0038198231694409925,1.2072509813951364,16.304673242435168,0.0038198231694409925,15.474020538275553,0.0038198231694409925,15.427703894000688,0.0038198231694409925,2.6776164778676347e+18,335.21575380235834,0.20631547,-1.189459241989598,0.19983798,1.276453879775349,0.22527215,30.156364,-16.60502866381551,0.2726272,-25.17298804702512,0.22807235,0.9204119,503635968.0,60.0,69.0,20.0,262144069.0,524416.0,0.0,262144069.0,524416.0,0.0,262144069.0,524416.0,0.0,262144069.0,524416.0,0.0,262144069.0,524416.0,0.0
1.0636334972954254e+17,334.97295571,0.007120000198483467,-1.36492966,0.0033499998971819878,20.551229445828728,0.01959782839657707,19.3270477022039,0.00629644461727831,18.249074082000018,0.0035847632269162015,17.8722146520604,0.005445988040452711,17.74881419348867,0.011085328330994657,3600.0,5.25,-3.8,-34.710644,-35.721542,-36.595287,-36.865073,-37.264321,-37.534743,-37.866763,-37.442545,54.981049415116345,0.004854333775157588,1.4029538095571858,16.587116366074685,0.004854333775157588,15.75646366191507,0.004854333775157588,15.710147017640205,0.004854333775157588,2.677605727563956e+18,334.97295421416,0.34188563,-1.3649290555026052,0.32037467,-0.019142007229585582,0.4119824,4.2552395,-4.1080602711372025,0.33571768,1.1094619371516672,0.3955596,1.0655606,503635968.0,60.0,76.0,5.0,262144069.0,524416.0,196608.0,262144069.0,524416.0,196608.0,262144005.0,524416.0,196608.0,262144069.0,524416.0,196608.0,262144069.0,524416.0,196608.0
1.0637335139850696e+17,335.13983,0.021460000425577164,-1.35287135,0.02102999947965145,22.136943173613755,0.07211318280403738,21.29695467546446,0.031709999529709404,21.09377035855224,0.029730042528095035,20.978132655357797,0.06591507098638266,20.88180204757925,0.1404250162907302,5062.5,0.0,-2.2,-37.233845,-38.016498,-38.221946,-38.276762,-38.426187,-38.417506,-38.276772,-37.835073,59.3125681821135,0.03530081722363761,0.0614859938655803,20.035872133071837,0.03530081722363761,19.677973428912225,0.03530081722363761,19.64913778463736,0.03530081722363761,-999,-999,-999,-999,-999,-999,-999,-999,-999,-999,-999,-999,-999,436527104.0,52.0,40.0,5.0,195035141.0,655360.0,196608.0,262144069.0,655488.0,196608.0,262144069.0,655488.0,196608.0,195035141.0,655360.0,196608.0,195035141.0,655360.0,196608.0
1.0634335161057326e+17,335.16105088,0.012659999541938305,-1.38096241,0.013799999840557575,21.39955269096431,0.04362800380092986,20.817647348807835,0.020462143417844875,20.662977576594773,0.018463192722791594,20.642488458150556,0.055233091291314936,20.70894998159183,0.11194603046530249,5750.0,5.0,-2.5,-38.106648,-38.649808,-38.770193,-38.76692,-38.807142,-38.734144,-38.543766,-38.070904,59.46646541122186,0.02701525467209851,0.0388061508582241,19.8731313621802,0.02701525467209851,19.564876658020587,0.02701525467209851,19.567204013745723,0.02701525467209851,-999,-999,-999,-999,-999,-999,-999,-999,-999,-999,-999,-999,-999,436527104.0,52.0,63.0,5.0,195035141.0,655488.0,196608.0,262144069.0,524416.0,196608.0,262144069.0,524416.0,196608.0,195035141.0,655360.0,196608.0,195035141.0,655360.0,196608.0
1.0626334992344728e+17,334.99232462,0.00698000006377697,-1.44426473,0.007069999817758799,21.25195344466852,0.039701061434935146,20.118258779933733,0.013765290552455569,19.600052993718748,0.008866462023170919,19.3238207842709,0.016104312849304463,19.20340422364453,0.03338609883517522,3800.0,5.25,-3.8,-35.867083,-36.863333,-37.336236,-37.374505,-37.714677,-37.807618,-38.129643,-37.640044,56.930664845247286,0.011345928150032875,0.4239188112478871,18.263856796205626,0.011345928150032875,17.443199092046008,0.011345928150032875,17.462263447771143,0.011345928150032875,2.677602184216655e+18,334.9923357084652,0.86756337,-1.4442599644392933,0.66296214,-0.3874725059618425,1.0487014,8.523239,8.412361088435754,0.65313375,-1.3703256304809939,0.7895896,0.97741663,436527104.0,52.0,64.0,5.0,195035141.0,524416.0,196608.0,262144069.0,524416.0,196608.0,262144005.0,524416.0,196608.0,262144069.0,524416.0,196608.0,262144069.0,524416.0,196608.0
1.0649335047808674e+17,335.04780257,0.0035800000187009573,-1.2531259,0.0029299999587237835,19.549723064496856,0.013208408901279937,18.46934993763466,0.004183716535233878,17.80164486019734,0.002486900950011453,17.434335030048576,0.0035425535623209246,17.20442191090617,0.006624567443335503,3700.0,5.25,-3.8,-35.321296,-36.317193,-36.986985,-37.128968,-37.499213,-37.672445,-37.998751,-37.539705,54.74262596065671,0.0031911427773697733,0.7053088137913062,16.210990911615045,0.0031911427773697733,15.386052207455435,0.0031911427773697733,15.374563563180574,0.0031911427773697733,2.677609365401751e+18,335.04780403662244,0.1920695,-1.2531308477294276,0.17363371,1.177491741456664,0.23847358,14.173206,2.4389582187716203,0.21554033,-13.961778281710655,0.21440627,1.0036216,503635968.0,60.0,75.0,5.0,262144005.0,524416.0,196608.0,262144069.0,524416.0,196608.0,262144069.0,524416.0,196608.0,262144069.0,524416.0,196608.0,262144069.0,524416.0,196608.0
1.0649334975184958e+17,334.97516951,0.006169999949634075,-1.25074103,0.006049999967217445,17.11692227771484,0.0022866164299628665,16.552452876040736,0.0010353610666249554,16.326629781561284,0.0009414539645759269,16.253996004505932,0.0021906084180374945,16.225457656805542,0.0032132329038832507,5312.5,1.0,0.0,-37.662792,-38.199851,-38.384322,-38.435155,-38.485131,-38.474183,-38.378008,-37.928572,54.728541919325664,0.0009446809776691673,0.06185112978088267,15.395168870284007,0.0009446809776691673,14.992711166124387,0.0009446809776691673,14.971612521849524,0.0009446809776691673,2.6776092666176174e+18,334.9751668774847,0.0648065,-1.2507434053230626,0.064629465,0.6854993733827585,0.07947544,11.261637,-0.4724562882400085,0.078882195,-11.251722195300665,0.08436786,1.0329927,503635968.0,60.0,79.0,5.0,262144069.0,524416.0,196608.0,262144069.0,524416.0,196608.0,262144069.0,524416.0,196608.0,262144069.0,524416.0,196608.0,262144069.0,524416.0,196608.0
1.0660334832176397e+17,334.83219162,0.0027699999045580626,-1.1637581,0.002749999985098839,18.712236395551756,0.004846394635483174,17.590402504183317,0.0019563811031032123,17.038872412203293,0.0015434230336772796,16.782724340033088,0.0022465162045432942,16.660208328405822,0.0033971484468585723,3800.0,5.25,-3.8,-35.867083,-36.863333,-37.336236,-37.374505,-37.714677,-37.807618,-38.129643,-37.640044,54.38805559607546,0.0013606553607960281,0.4431058611423783,15.721247547033801,0.0013606553607960281,14.900589842874183,0.0013606553607960281,14.91965419859932,0.0013606553607960281,2.677625621853088e+18,334.8321861339379,0.12768482,-1.163760066575331,0.18870106,0.9756548817267702,0.12805411,6.3028226,-4.788442325985991,0.16724184,-4.098340048543795,0.23681146,1.0127214,503635968.0,60.0,83.0,5.0,262144069.0,524416.0,196608.0,262144069.0,524416.0,196608.0,262144069.0,524416.0,196608.0,262144069.0,524416.0,196608.0,262144069.0,524416.0,196608.0
1.0660335034646603e+17,335.03464218,0.004230000078678131,-1.1620428,0.0016499999910593033,17.980906083946827,0.003296273301833467,17.457147553962123,0.0017119806474540926,17.193926652088418,0.001461957620308045,17.241796124032234,0.00448826806252395,17.044657610696433,0.005125769116006072,5437.5,0.0,-2.1,-37.804461,-38.392809,-38.538439,-38.556395,-38.650484,-38.577297,-38.388377,-37.932812,55.77220440494521,0.00157926153290566,0.12399840336643995,16.335717355903544,0.00157926153290566,16.026004651743932,0.00157926153290566,16.01103500746907,0.00157926153290566,2.677627576063145e+18,335.0346434731973,0.09811492,-1.162043958727735,0.09740943,0.40102200758324946,0.11849612,11.626099,9.013440981500878,0.11528387,-7.343299101822407,0.12046379,0.99465895,503635968.0,60.0,76.0,5.0,262144069.0,524416.0,196608.0,262144069.0,524416.0,196608.0,262144069.0,524416.0,196608.0,262160391.0,524416.0,196608.0,262144069.0,524416.0,196608.0
1.0641335011324806e+17,335.01133393,0.006670000031590462,-1.31866213,0.006819999776780605,21.43668630568744,0.03941908244260608,20.309089001553986,0.012530323299985944,19.618211862631895,0.008228501042642061,19.408445325358915,0.02034924768076407,19.269033854997556,0.040883082153080424,3800.0,5.25,-3.7,-35.397698,-36.404124,-37.058686,-37.228045,-37.514694,-37.683869,-38.007623,-37.567673,56.72894267004597,0.012432376409257422,0.5828094851137442,18.185883621004304,0.012432376409257422,17.36349691684469,0.012432376409257422,17.33291227256983,0.012432376409257422,2.677607956652776e+18,335.0113350941899,0.81486577,-1.3186681130328122,0.7026884,1.668298011929714,0.9999336,7.2371726,0.6480959905211581,0.94392765,-7.208095215179793,0.98041236,1.0202805,436527104.0,52.0,77.0,5.0,195035141.0,655488.0,196608.0,262144069.0,524416.0,196608.0,262144069.0,524416.0,196608.0,262144069.0,524416.0,196608.0,195035205.0,524416.0,196608.0
1.0636335170951664e+17,335.17096807,0.012000000104308128,-1.36152964,0.008430000394582748,21.54805095754381,0.050984007290109955,20.51931753547371,0.01533113264089582,19.765876518492547,0.009921307796273295,19.47773977254394,0.01847026340678878,19.24232671763222,0.0321410977051638,3700.0,5.25,-3.8,-35.321296,-36.317193,-36.986985,-37.128968,-37.499213,-37.672445,-37.998751,-37.539705,56.761393300337254,0.01312561734595088,0.7462217650659827,18.22975825129559,0.01312561734595088,17.40481954713598,0.01312561734595088,17.393330902861116,0.01312561734595088,2.6776039365633587e+18,335.1709699873248,0.9242906,-1.3615300882189463,0.7910065,-2.7289149695278967,1.0488255,4.376542,1.0102433875433308,0.9838413,-4.258348174740555,0.90383554,1.0591305,436527232.0,52.0,73.0,5.0,195035141.0,524288.0,196608.0,262144069.0,524416.0,196608.0,262144069.0,524416.0,196608.0,262144069.0,524416.0,196608.0,262144069.0,524416.0,196608.0
1.0642334875271258e+17,334.87527948,0.0019199999514967203,-1.31489925,0.001120000029914081,15.71166601322859,0.0008943518661820085,15.3215324786762,0.0006144323367086406,15.18487777720668,0.0005507870706098261,15.161757664607991,0.0012575734383850651,15.082813871062898,0.0019390589072858823,5687.5,0.0,-0.2,-38.166748,-38.560793,-38.665001,-38.693481,-38.73779,-38.640715,-38.449808,-37.991238,53.85729216095647,0.0005223867974190692,0.03051234398014622,14.357387111914807,0.0005223867974190692,14.049661407755195,0.0005223867974190692,14.037696763480328,0.0005223867974190692,2.677618818624781e+18,334.8752792252216,0.04046878,-1.3148998128004725,0.04533762,0.45657841534619464,0.041851506,1.9994739,1.191670729027165,0.049003445,-1.605558060836154,0.060403567,1.0534399,503635968.0,60.0,75.0,5.0,262144069.0,524416.0,196608.0,262144069.0,524416.0,196608.0,262144069.0,524416.0,196608.0,262144069.0,524416.0,196608.0,262144069.0,524416.0,196608.0
1.0667334900793434e+17,334.90079826,0.012860000133514404,-1.10512655,0.009850000031292439,21.425138264765202,0.06128800221892549,20.335542484877262,0.016072051408792407,19.27722588974251,0.007222311427081215,18.76399225611941,0.01021545967203679,18.6380892886302,0.019301153816663023,3600.0,5.25,-3.8,-34.710644,-35.721542,-36.595287,-36.865073,-37.264321,-37.534743,-37.866763,-37.442545,55.919371036826924,0.013481219514256305,1.6399057227604943,17.525437987785264,0.013481219514256305,16.69478528362565,0.013481219514256305,16.64846863935078,0.013481219514256305,2.6776263047531407e+18,334.90079770396903,0.5129379,-1.1051299501429435,0.49321285,0.4245794964654675,0.6041922,9.298341,1.8544287338530532,0.6428464,-9.111544203384428,0.5916557,1.0357994,436527104.0,52.0,58.0,5.0,195035141.0,524288.0,196608.0,262144069.0,524416.0,196608.0,262144069.0,524416.0,196608.0,262144069.0,524416.0,196608.0,262144069.0,524416.0,196608.0
1.065533508981237e+17,335.08981099,0.002959999954327941,-1.20563141,0.003280000062659383,14.906460270222373,0.0005563430449383418,14.561546183530734,0.0003780878814038871,14.473888508762665,0.00033101200220753265,14.476143778224014,0.0007615881237271894,14.406897439955912,0.0009372767645714014,5937.5,0.0,-2.0,-38.44574,-38.79767,-38.854734,-38.860422,-38.910976,-38.748562,-38.492385,-38.033581,53.33889563613914,0.00028429148273762406,0.010337304641089753,13.731143587097481,0.00028429148273762406,13.488687882937867,0.00028429148273762406,13.476957238663006,0.00028429148273762406,2.677615485730264e+18,335.0898129135053,0.025156748,-1.2056329850157723,0.027605116,0.9047973889063693,0.030456973,6.9418116,5.664457300013237,0.032464463,-4.012813026083211,0.0347897,0.9933333,503635968.0,60.0,103.0,10.0,262144069.0,524416.0,196608.0,262144069.0,524416.0,196608.0,262144069.0,524416.0,196608.0,262144069.0,524416.0,196608.0,262144069.0,524416.0,196608.0
1.0637335224624845e+17,335.22465464,0.005549999885261059,-1.35171206,0.00558000011369586,21.570638114698514,0.049563041958502266,20.496741853761836,0.014790153056603658,19.42282706542307,0.006953457670636056,18.919792107179195,0.01045146723049914,18.743187995782502,0.02002715838142016,3600.0,5.25,-3.8,-34.710644,-35.721542,-36.595287,-36.865073,-37.264321,-37.534743,-37.866763,-37.442545,56.06201082736902,0.011373503539894877,1.6921625638345712,17.668077778327362,0.011373503539894877,16.837425074167747,0.011373503539894877,16.79110842989288,0.011373503539894877,2.6775570741750313e+18,335.22466163433165,0.7863189,-1.351716543437504,0.76308227,1.616055265329603,0.892138,7.380249,4.043316308661901,0.98814243,-6.174112959475905,0.96658915,1.1272054,436527104.0,52.0,83.0,5.0,195035141.0,524416.0,196608.0,262144069.0,524416.0,196608.0,262144069.0,524416.0,196608.0,262144005.0,524416.0,196608.0,262144069.0,524416.0,196608.0
1.0632334957032352e+17,334.95698273,0.005570000037550926,-1.39745331,0.00848000030964613,21.592806001358788,0.04980509200961308,20.19484590636084,0.01309716665998372,18.989362099508373,0.005612558678276677,18.416958890849088,0.010875447736932897,18.125067024788756,0.014931211119287387,3400.0,5.25,-3.9,-33.768109,-34.920906,-35.953811,-36.371386,-36.883879,-37.315431,-37.613851,-37.226192,55.04342618457318,0.010999636736710906,2.036633248573428,16.86880513553152,0.010999636736710906,16.071752431371905,0.010999636736710906,15.988876787097043,0.010999636736710906,2.677605517110944e+18,334.9569805510006,0.4933362,-1.3974524131502972,0.39200652,0.2246789136894297,0.6142016,13.153994,-13.153990920570475,0.44589525,-0.008793754087970578,0.5226286,0.98747665,503635968.0,60.0,72.0,5.0,195035141.0,524288.0,196608.0,262144069.0,524416.0,196608.0,262144069.0,524416.0,196608.0,262144069.0,524416.0,196608.0,262144069.0,524416.0,196608.0
1.0672335051004429e+17,335.05102859,0.009349999949336052,-1.06353951,0.00989999994635582,21.443696908543693,0.0415020134448883,20.562070985779826,0.015850225379056337,20.1901722187173,0.012249317360123139,20.031662279100036,0.029879167609816744,19.856637846677014,0.06001705556615393,4562.5,1.0,-0.5,-36.484536,-37.351765,-37.644204,-37.787891,-37.94141,-38.074545,-38.153369,-37.725778,57.85880924776357,0.016270837908628943,0.23443184482499668,18.925074198721905,0.016270837908628943,18.347617494562293,0.016270837908628943,18.30467385028743,0.016270837908628943,2.677629568928298e+18,335.05102336895175,1.7283988,-1.063543774074738,1.7012459,-1.1969774337975332,1.958963,9.022387,-5.21280015225165,1.7496339,-7.364113527590909,2.17014,1.0883098,436527104.0,52.0,70.0,5.0,195035141.0,655488.0,196608.0,262144069.0,524416.0,196608.0,262144069.0,524416.0,196608.0,262144069.0,655488.0,196608.0,195035141.0,524416.0,196608.0
1.0650335223919526e+17,335.22398187,0.012470000423491001,-1.24602664,0.012810000218451023,22.25189426585013,0.09167011356815534,21.10674081582149,0.029841014460239963,20.458188338111984,0.016178034935668103,20.02414151070506,0.030162138771935312,19.851429017481642,0.05005805053052373,3700.0,5.25,-3.8,-35.321296,-36.317193,-36.986985,-37.128968,-37.499213,-37.672445,-37.998751,-37.539705,57.389209789594055,0.022778224441960704,0.739549523916653,18.85757474055239,0.022778224441960704,18.03263603639278,0.022778224441960704,18.021147392117918,0.022778224441960704,-999,-999,-999,-999,-999,-999,-999,-999,-999,-999,-999,-999,-999,436527104.0,52.0,52.0,5.0,195035141.0,655360.0,196608.0,262144005.0,524416.0,196608.0,262144005.0,524416.0,196608.0,262144069.0,655488.0,196608.0,195035141.0,655360.0,196608.0
1.064233481092804e+17,334.81095366,0.004689999856054783,-1.31669409,0.005710000172257423,18.600238842592056,0.0049102211618287355,17.64893437641446,0.0019853341161356636,17.314502992867457,0.001577334332444109,17.22336691694254,0.0038184811634721667,16.935742967747174,0.0051797542554275515,3800.0,5.25,-3.9,-36.336468,-37.322543,-37.613786,-37.520966,-37.91466,-37.931368,-38.251663,-37.712414,54.886241819312744,0.0016964723345752669,0.18238321407885927,16.095683770271084,0.0016964723345752669,15.276756066111467,0.0016964723345752669,15.345470421836604,0.0016964723345752669,2.6775251883377843e+18,334.81094029472484,0.1238629,-1.3167009336676228,0.10189493,0.7502575932159766,0.1483789,11.347066,-7.392519996762229,0.12769282,-8.608515791584997,0.14377402,0.99268633,503635968.0,60.0,74.0,10.0,262144069.0,524416.0,0.0,262144069.0,524416.0,0.0,262144069.0,524416.0,0.0,262144069.0,524416.0,0.0,262144069.0,524416.0,0.0
1.0649335098068291e+17,335.09805474,0.003809999907389283,-1.25629767,0.005410000216215849,20.570932531063832,0.02238553903048329,19.412012791247996,0.006223349823910622,18.740223299175227,0.0038585651323307145,18.409446545823318,0.006776788217237421,18.207434293772387,0.012190295686344377,3700.0,5.25,-3.8,-35.321296,-36.317193,-36.986985,-37.128968,-37.499213,-37.672445,-37.998751,-37.539705,55.718740892216545,0.005474519643067478,0.6104102502023261,17.18710584317488,0.005474519643067478,16.36216713901527,0.005474519643067478,16.350678494740407,0.005474519643067478,2.677608472048551e+18,335.0980552016967,0.34411287,-1.2562994308229714,0.32294732,1.250454128995481,0.42757404,7.1041813,-0.47472695116163566,0.36695296,-7.088301859325454,0.408719,0.9860423,436527104.0,52.0,92.0,5.0,262144005.0,524416.0,196608.0,262144069.0,524416.0,196608.0,262144069.0,524416.0,196608.0,262144069.0,524416.0,196608.0,262144069.0,524416.0,196608.0
1.063733514755125e+17,335.14755712,0.010830000042915344,-1.35656752,0.011680000461637974,21.043128168501575,0.029948029982600165,20.732334474242517,0.01735732590616851,20.61658295300624,0.016839288903918823,20.59584333982021,0.04546411528588952,20.821196383289244,0.13896803050370266,6437.5,5.0,-0.3,-38.773772,-39.04323,-39.097204,-39.070863,-39.049509,-38.917698,-38.687141,-38.200934,59.768732663771964,0.030239591395419346,0.1085976755689471,19.9918446147303,0.030239591395419346,19.72376891057069,0.030239591395419346,19.739441266295827,0.030239591395419346,2.6776041083617014e+18,335.14754191607625,2.9424524,-1.3565704177389597,1.7953584,nan,nan,nan,nan,nan,nan,nan,nan,436527104.0,52.0,74.0,5.0,262144069.0,524416.0,196608.0,262144069.0,524416.0,196608.0,262144005.0,524416.0,196608.0,195035141.0,655488.0,196608.0,195035141.0,524416.0,196608.0
1.066033513498882e+17,335.13499707,0.006800000090152025,-1.16021335,0.003650000086054206,21.03554746958832,0.03676009761745485,19.823907987485914,0.010001466178559818,19.359176342274697,0.007469590553777509,19.117723859412017,0.013508377615518322,18.83320917464133,0.022366150839836046,3600.0,5.25,-4.0,-35.391875,-36.457092,-36.968438,-37.03472,-37.538315,-37.722382,-38.031312,-37.528174,56.31200096668046,0.009359166319284006,0.32796718414985276,17.730428917638793,0.009359166319284006,16.922866213479182,0.009359166319284006,16.95546956920432,0.009359166319284006,2.6776161342705623e+18,335.1349979267811,0.5232936,-1.1602129989740004,0.5023769,0.1690302003413997,0.6320301,4.5927672,4.339630929109681,0.609174,1.503700072581093,0.6414078,0.99812865,436527104.0,52.0,65.0,5.0,262144005.0,524416.0,196608.0,262144069.0,524416.0,196608.0,262144069.0,524416.0,196608.0,262144069.0,524416.0,196608.0,262144069.0,524416.0,196608.0
1.0668335091718678e+17,335.09172158,0.004720000084489584,-1.09473795,0.0019099999917671084,19.395381053771928,0.008450502698639539,18.612341895197144,0.003386879855682679,18.257061609527106,0.003188472813795453,18.07114681779779,0.005442027439799256,18.047217740806616,0.0106273612409231,4625.0,2.25,0.4,-36.693521,-37.3837,-37.697617,-37.837957,-37.92179,-38.036212,-38.130728,-37.7151,55.98354682342011,0.003069884554842143,0.18749212715219551,17.088144774378453,0.003069884554842143,16.49499607021884,0.003069884554842143,16.440089425943974,0.003069884554842143,2.6776284694163825e+18,335.09172222414645,0.19369404,-1.0947391337135355,0.20713176,0.5023157590311453,0.21747112,5.1378827,3.61255131687377,0.25367326,-3.6533970076495983,0.26259145,0.9256038,503635968.0,60.0,78.0,5.0,262144069.0,524416.0,196608.0,262144069.0,524416.0,196608.0,262144069.0,524416.0,196608.0,262144069.0,524416.0,196608.0,262144069.0,524416.0,196608.0
1.065933509809288e+17,335.09809332,0.004310000222176313,-1.1680203,0.003010000102221966,20.885369599544674,0.027172461251072193,19.635970360387308,0.007498925788523216,18.47118137452213,0.0031067480600701133,17.92132983714778,0.0048050932157248415,17.652733376829612,0.007013501621492094,3600.0,5.25,-3.7,-34.370028,-35.353768,-36.408712,-36.78025,-37.127324,-37.440923,-37.784489,-37.399731,54.921333309686304,0.005921170653639447,1.9720251023623299,16.621220260644645,0.005921170653639447,15.779021556485027,0.005921170653639447,15.693244912210163,0.005921170653639447,2.677616202989741e+18,335.09809555724297,0.28427705,-1.1680140382161186,0.3049991,1.3355238048024927,0.34273824,15.5881,4.685400237864548,0.3708918,14.867275939258677,0.37635416,1.0027018,503635968.0,60.0,91.0,5.0,262144005.0,524416.0,196608.0,262144069.0,524416.0,196608.0,262144069.0,524416.0,196608.0,262144069.0,524416.0,196608.0,262144069.0,524416.0,196608.0
1.0640334912533435e+17,334.912504,0.0066999997943639755,-1.33007982,0.013489999808371067,21.019835869514374,0.026027298626890596,19.938254703009193,0.011861611921979454,19.522005822157176,0.007556735886832851,19.452397671600846,0.019773267528202274,19.30567871332262,0.03520610169748928,4100.0,5.25,-3.6,-36.051507,-37.101945,-37.45248,-37.533796,-37.693624,-37.823587,-38.101507,-37.656363,57.01430495592084,0.010011341716154034,0.18594006450208084,18.331527906879177,0.010011341716154034,17.554975202719568,0.010011341716154034,17.529584558444704,0.010011341716154034,2.6776069988747817e+18,334.9125001829808,0.8124955,-1.330085634695508,0.58560675,-0.24577907313157574,0.894755,13.121031,-5.179387354898508,0.73642373,-12.055513079089858,0.75697154,1.0608078,436527104.0,52.0,82.0,5.0,262144069.0,524416.0,196608.0,262144069.0,524416.0,196608.0,262144069.0,524416.0,196608.0,262144069.0,524416.0,196608.0,262144069.0,524416.0,196608.0
1.0623335069725632e+17,335.06971591,0.007720000110566616,-1.47007753,0.009320000186562538,20.797935215769378,0.02755313759141721,20.20003909029406,0.01241354477409253,19.96457030357029,0.010811495304470235,19.975002898482927,0.035429148813047685,19.83476557498875,0.07041705163971641,5375.0,0.0,-2.1,-37.716376,-38.33317,-38.48878,-38.5117,-38.612482,-38.551114,-38.372615,-37.917532,58.486964216621075,0.01702227442259831,0.06618465527470986,19.076660167579416,0.01702227442259831,18.756526463419796,0.01702227442259831,18.741074819144934,0.01702227442259831,2.677554286740981e+18,335.06970871103834,0.827184,-1.4700875475910902,0.700587,-1.0334813266086458,1.2595378,7.3401456,-4.034619900958876,0.87586254,-6.131849666769768,0.99908686,0.9730768,436527104.0,52.0,70.0,5.0,262144069.0,524416.0,196608.0,262144069.0,524416.0,196608.0,262144069.0,524416.0,196608.0,262144005.0,524416.0,196608.0,195035141.0,524416.0,196608.0
1.063733519055272e+17,335.19057855,0.00749000022187829,-1.35269164,0.005239999853074551,17.23722614412383,0.002012528807590418,16.273665539218705,0.0009408273377824514,15.884966784284263,0.0007725043180633682,15.6949770661041,0.0016145384377605565,15.544554191221565,0.002131856705627094,4500.0,0.5,-0.6,-36.349388,-37.271683,-37.575902,-37.729743,-37.905486,-38.046711,-38.122799,-37.703461,53.49351834499049,0.0007122847347138694,0.24272159377065983,14.587617295948828,0.0007122847347138694,14.012896591789215,0.0007122847347138694,13.961699947514356,0.0007122847347138694,2.6776039752178545e+18,335.1905803492961,0.05238345,-1.3526872899438018,0.047886524,1.5614143654227786,0.061686344,3.796605,-3.599659670416392,0.060748443,1.206922110177091,0.056225255,0.9420076,503635968.0,60.0,76.0,10.0,262144069.0,524416.0,0.0,262144069.0,524416.0,0.0,262144069.0,524416.0,0.0,262144069.0,524416.0,0.0,262144069.0,524416.0,0.0
1.0675334999552966e+17,334.99957584,0.008299999870359898,-1.03400087,0.008419999852776527,22.04674865677859,0.07481800707334549,20.84564864790534,0.023031002057951187,19.895429449982835,0.010496128573662666,19.483091793923652,0.020192220757096802,19.16268894269193,0.03214708802828632,3600.0,5.25,-3.8,-34.710644,-35.721542,-36.595287,-36.865073,-37.264321,-37.534743,-37.866763,-37.442545,56.51809489825647,0.017526541017619086,1.2293492155155457,18.12416184921481,0.017526541017619086,17.293509145055197,0.017526541017619086,17.24719250078033,0.017526541017619086,2.677632833103452e+18,334.99957382420195,1.5875299,-1.0339991427099127,2.723242,nan,nan,nan,nan,nan,nan,nan,nan,436527104.0,52.0,60.0,5.0,195035141.0,655360.0,196608.0,262144069.0,524416.0,196608.0,262144069.0,524416.0,196608.0,262144005.0,524416.0,196608.0,262144069.0,524416.0,196608.0
1.0634334957401032e+17,334.95744271,0.011070000007748604,-1.3834674,0.011549999937415123,22.4189655376579,0.10447709506771603,21.18912012417547,0.03615904771101044,20.232064736521753,0.014247013406301925,19.721097812832117,0.024711162488311997,19.45659643083651,0.03503306634094792,3600.0,5.25,-3.8,-34.710644,-35.721542,-36.595287,-36.865073,-37.264321,-37.534743,-37.866763,-37.442545,56.83494232840475,0.023886292977293958,1.3970732257748508,18.44100927936309,0.023886292977293958,17.610356575203475,0.023886292977293958,17.564039930928608,0.023886292977293958,-999,-999,-999,-999,-999,-999,-999,-999,-999,-999,-999,-999,-999,436527104.0,52.0,58.0,5.0,195035141.0,655360.0,196608.0,262144005.0,524416.0,196608.0,262144069.0,524416.0,196608.0,262144069.0,524416.0,196608.0,262144069.0,524416.0,196608.0
1.0645335102714826e+17,335.10271974,0.009449999779462814,-1.28518822,0.009739999659359455,21.812690327923764,0.05544599967069373,20.79717744797248,0.01855907589652406,20.25236453929095,0.012405214696846918,20.048506561871264,0.033102142702998265,19.812588201691824,0.05220406047075741,3700.0,5.25,-3.9,-35.71008,-36.718308,-37.208436,-37.24002,-37.662846,-37.780598,-38.100624,-37.598092,57.45260341575006,0.0171972129258837,0.3917011056083637,18.812815366708403,0.0171972129258837,17.994156662548782,0.0171972129258837,18.02615401827392,0.0171972129258837,2.6776082658922173e+18,335.1027178652006,6.1293025,-1.285189790278122,3.333591,nan,nan,nan,nan,nan,nan,nan,nan,436527232.0,52.0,76.0,5.0,195035141.0,655360.0,196608.0,262144069.0,524416.0,196608.0,262144069.0,524416.0,196608.0,262144005.0,524416.0,196608.0,195035141.0,524416.0,196608.0
1.0653335084384408e+17,335.08435613,0.005640000104904175,-1.22198367,0.004550000187009573,20.63271704236111,0.021778409825731933,19.841357282986678,0.007958071498213875,19.486669896940427,0.00732083156608347,19.289947525730327,0.015010356570804035,19.112417950228057,0.025911138929999612,4500.0,3.5,-1.6,-36.431626,-37.142364,-37.466651,-37.622886,-37.7267,-37.884095,-38.04808,-37.633453,56.95066733964932,0.007714719791047778,0.2764472372195903,18.207382290607658,0.007714719791047778,17.544764586448046,0.007714719791047778,17.48885694217318,0.007714719791047778,2.677615378355985e+18,335.08435612844426,0.5069113,-1.2219854827054337,0.5222574,-0.09147179477594197,0.6665921,4.646702,-3.344435518883821,0.6249988,-3.225924235781659,0.66975445,0.9443853,436527104.0,52.0,90.0,5.0,262144005.0,524416.0,196608.0,262144069.0,524416.0,196608.0,262144069.0,524416.0,196608.0,262144069.0,524416.0,196608.0,262144069.0,524416.0,196608.0
1.0641335204819917e+17,335.20484647,0.0027199999894946814,-1.31772819,0.006560000125318766,17.2737003398484,0.0021534846296700494,16.68098541252519,0.0010383294273270734,16.365741685561645,0.0008732067976277089,16.24021333694767,0.0016794042712308835,16.261078275324103,0.0028024138245793346,5062.5,5.0,1.0,-37.323293,-37.862769,-38.110486,-38.207769,-38.251981,-38.268483,-38.213684,-37.807009,54.5156034100414,0.0008283003347029063,0.13065189174874686,15.387930360999736,0.0008283003347029063,14.944096656840124,0.0008283003347029063,14.880237012565262,0.0008283003347029063,2.6776099538123315e+18,335.20484537974517,0.12527117,-1.3177277242580845,0.12024942,0.05348328750925205,0.14495578,2.656078,-2.2617351093254494,0.1498124,-1.3925894003082286,0.14099282,1.9772407,503635968.0,60.0,88.0,10.0,262144069.0,524416.0,196608.0,262144069.0,524416.0,196608.0,262144069.0,524416.0,196608.0,262144069.0,524416.0,196608.0,262144069.0,524416.0,196608.0
1.0627334892726018e+17,334.89273384,0.0032500000670552254,-1.44191544,0.0013200000394135714,17.29020777005545,0.0019052911342230289,16.969990280458365,0.0014470797713167637,16.88576123617723,0.0014531532970059019,16.950740508955008,0.0029449426643790954,16.91199387637853,0.005356740747940894,6250.0,2.5,-2.2,-38.679958,-39.017429,-39.066159,-39.029142,-39.046877,-38.896625,-38.628301,-38.158621,55.96965173440492,0.0013446663141825602,0.005000901722528598,16.21383668536326,0.0013446663141825602,15.983527981203643,0.0013446663141825602,15.982673336928785,0.0013446663141825602,2.677511547521608e+18,334.8927332273312,0.08736587,-1.4419190727651445,0.079054825,0.3296792244151615,0.10207956,8.959139,-0.5184281360915971,0.088662,-8.944126873629447,0.0945134,0.9379876,503635968.0,60.0,77.0,5.0,262144069.0,524416.0,196608.0,262144069.0,524416.0,196608.0,262144069.0,524416.0,196608.0,262144069.0,524416.0,196608.0,262144069.0,524416.0,196608.0
1.0653335194897774e+17,335.19492389,0.0015699999639764428,-1.21893075,0.0014700000174343586,16.391918080610964,0.0016362796885358813,15.774553263829759,0.0007497147302536979,15.50082594524253,0.0005903580696194098,15.358710655865623,0.0011728888957047382,15.279075063614634,0.001657398197153037,4900.0,5.0,-2.0,-37.133188,-37.691784,-37.934121,-38.034155,-38.104453,-38.186576,-38.247609,-37.807096,53.440556801832706,0.0005553608985815558,0.1297996965899701,14.394790752791042,0.0005553608985815558,13.835125048631433,0.0005553608985815558,13.805103404356567,0.0005553608985815558,2.677611912317424e+18,335.1949226844067,0.040089447,-1.2189336203284509,0.042206228,0.157319628788895,0.04452434,6.3375173,-0.3397368702899631,0.05045299,-6.328404667899659,0.047670793,1.0647603,503635968.0,60.0,81.0,10.0,262144069.0,524416.0,0.0,262144069.0,524416.0,0.0,262144069.0,524416.0,0.0,262144069.0,524416.0,0.0,262144069.0,524416.0,0.0
1.0629335056937944e+17,335.0569674,0.018559999763965607,-1.41750906,0.01882000081241131,22.81509212141009,0.18057242214914457,21.828488219571422,0.0520375232115599,20.49249420991334,0.029390072098938496,20.13221783979885,0.03432908692607124,19.76931785003451,0.049141030389347286,3600.0,5.25,-3.7,-34.370028,-35.353768,-36.408712,-36.78025,-37.127324,-37.440923,-37.784489,-37.399731,57.01553844814564,0.03988553967426683,2.4242720790593566,18.71542539910398,0.03988553967426683,17.873226694944364,0.03988553967426683,17.7874500506695,0.03988553967426683,-999,-999,-999,-999,-999,-999,-999,-999,-999,-999,-999,-999,-999,436527104.0,52.0,34.0,5.0,195035141.0,655360.0,196608.0,195035141.0,655360.0,196608.0,262144005.0,524416.0,196608.0,262144069.0,524416.0,196608.0,195035141.0,655360.0,196608.0
1.0658334808755574e+17,334.8087421,0.01355000026524067,-1.17884737,0.010080000385642052,20.574020341515006,0.025712172200825965,20.055073824512128,0.01304455566726272,19.824090713239265,0.010723518972140734,19.600290298785364,0.020593256624556692,19.76965170912011,0.05194406685907847,5312.5,4.5,1.0,-37.619713,-38.079421,-38.287628,-38.363212,-38.394014,-38.388811,-38.317569,-37.887361,58.11342297743437,0.012757019073831267,0.15690360362531378,18.86542192839271,0.012757019073831267,18.438031224233093,0.012757019073831267,18.39770457995823,0.012757019073831267,2.677624105729559e+18,334.8087372941661,0.575597,-1.178850872561201,0.51316375,-1.3520589204944502,0.72182703,3.2992203,3.153642348546557,0.74968404,-0.9692233635080094,0.65595835,1.0168518,436527104.0,52.0,63.0,10.0,262144005.0,524416.0,196608.0,262144069.0,524416.0,196608.0,262144069.0,524416.0,196608.0,262144069.0,524416.0,196608.0,195035141.0,524416.0,196608.0
1.0678335044249366e+17,335.04425214,0.002409999957308173,-1.01401431,0.0013200000394135714,15.588507490449873,0.0007837070648534067,15.11549795324584,0.0005057274441637453,14.977757864263749,0.0005352951448485746,14.873669548048868,0.0008358969970992001,14.820527614664753,0.0014317899648333256,5437.5,0.0,0.2,-37.851637,-38.297828,-38.460022,-38.516723,-38.555396,-38.517522,-38.39562,-37.942121,53.41151329413463,0.0003952338141676073,0.05054648699669349,14.034801245092968,0.0003952338141676073,13.658070540933352,0.0003952338141676073,13.641034896658491,0.0003952338141676073,2.6776341774279076e+18,335.04424808792487,0.03040794,-1.0140187498993805,0.03106191,0.9939291853063114,0.03619104,10.505739,-5.402315030991552,0.040156167,-9.01030257137371,0.039615296,1.0190747,503635968.0,60.0,83.0,5.0,262144069.0,524416.0,196608.0,262144069.0,524416.0,196608.0,262144069.0,524416.0,196608.0,262144069.0,524416.0,196608.0,262144069.0,524416.0,196608.0
1.0634334899169048e+17,334.89918202,0.0036899999249726534,-1.38331414,0.005890000145882368,21.702248569246137,0.0525251364453959,20.329487988676302,0.014235123578762816,18.67356885721465,0.003973726125797977,17.950420060411165,0.005523873332984391,17.536039439304606,0.008842351421223213,3300.0,5.25,-3.8,-32.799245,-33.959274,-35.344366,-35.974692,-36.505243,-37.08511,-37.431327,-37.101567,54.154916982970576,0.011110390733881901,4.030047835221612,16.210616933928915,0.011110390733881901,15.365767229769297,0.011110390733881901,15.224992585494435,0.011110390733881901,2.677512745817574e+18,334.8991832270974,0.39502475,-1.3833144287338528,0.32543454,3.6714856302522225,0.47186583,4.6056724,4.605602051549728,0.39600033,0.02545329639707,0.42005283,1.0275682,503635968.0,60.0,71.0,5.0,195035141.0,655360.0,196608.0,262144069.0,524416.0,196608.0,262144069.0,524416.0,196608.0,262144069.0,524416.0,196608.0,262144069.0,524416.0,196608.0
1.0650334838767795e+17,334.83878272,0.0037400000728666782,-1.24373286,0.002259999979287386,20.750620082546867,0.026606452805112583,19.59014141249999,0.008051879246156806,18.451471413528,0.004253290452782674,18.05331315486575,0.0064898107070518705,17.761915260380537,0.008662407338687336,3600.0,5.25,-3.8,-34.710644,-35.721542,-36.595287,-36.865073,-37.264321,-37.534743,-37.866763,-37.442545,55.15286566476423,0.006026546320591308,1.7062560963925806,16.758932615722568,0.006026546320591308,15.928279911562953,0.006026546320591308,15.881963267288087,0.006026546320591308,2.677620601036202e+18,334.83878697537943,0.30788526,-1.2437347373109675,0.25126013,1.4733704391989226,0.35290542,12.810105,9.31683336560308,0.37850192,-8.7917804163379,0.34407192,0.9551708,503635968.0,60.0,79.0,5.0,262144069.0,655488.0,196608.0,262144069.0,524416.0,196608.0,262144069.0,524416.0,196608.0,262144069.0,524416.0,196608.0,262144069.0,524416.0,196608.0
1.0642334945424373e+17,334.94539945,0.0072200000286102295,-1.31394165,0.005750000011175871,16.561756198093345,0.0012211113870257404,15.956188284824988,0.0009080808594459075,15.804597835591583,0.0005963310926873958,15.751091094312477,0.0012934387205462761,15.598652454321522,0.0021188796318971142,5437.5,0.0,-2.3,-37.786301,-38.405846,-38.551133,-38.56342,-38.671199,-38.58755,-38.380444,-37.926121,54.33003697342879,0.0005944398794562333,0.057664837374591424,14.883296924387128,0.0005944398794562333,14.591770220227517,0.0005944398794562333,14.57555857595265,0.0005944398794562333,2.67760723939295e+18,334.94539286009393,0.06136065,-1.3139428062270695,0.05032934,1.0567065911512894,0.0689278,12.917566,-12.603483090160065,0.06029792,-2.831207964244553,0.061006248,1.011786,503635968.0,60.0,84.0,5.0,262144069.0,524416.0,196608.0,262144069.0,524416.0,196608.0,262144069.0,524416.0,196608.0,262144069.0,524416.0,196608.0,262144069.0,524416.0,196608.0
1.063833499608371e+17,334.9960774,0.007849999703466892,-1.34443312,0.008310000412166119,20.16928477164083,0.013110877645653721,19.919210988439332,0.009449140618261801,19.805322138091437,0.010125689716062649,19.881333876095983,0.02669820570109821,19.670386977642274,0.05320107122414236,6000.0,0.0,-2.0,-38.519598,-38.844426,-38.890241,-38.895533,-38.942201,-38.76807,-38.5033,-38.043621,58.70750755038197,0.012500974570557908,0.09540237594396048,19.080247501340306,0.012500974570557908,18.84638479718069,0.012500974570557908,18.835529152905828,0.012500974570557908,2.677606135586275e+18,334.9960739416983,0.7102808,-1.3444358242978158,0.7285943,-0.23001336105670994,1.1476706,2.5331397,0.0009373961151992391,0.705802,-2.533139596103795,0.91310227,1.1712189,436527104.0,52.0,76.0,5.0,262144069.0,524416.0,196608.0,262144069.0,524416.0,196608.0,262144069.0,524416.0,196608.0,262144069.0,524416.0,196608.0,195035141.0,524416.0,196608.0
1.0652335131941477e+17,335.13195825,0.0021100000012665987,-1.22973449,0.0010999999940395355,18.021510796211786,0.0032923175473978587,17.279614947977993,0.0014922764404282447,17.04870308498085,0.0013335198902420214,16.929422154707108,0.0024922836173616497,16.78528971449224,0.0040239791425338775,5000.0,1.5,-1.8,-37.190501,-37.915539,-38.127373,-38.207213,-38.318641,-38.355923,-38.296896,-37.848471,55.16476153967399,0.0012206294257332828,0.10872121410958348,15.949648490632331,0.0012206294257332828,15.510042786472717,0.0012206294257332828,15.487933142197848,0.0012206294257332828,2.677614485002783e+18,335.13195910049683,0.09825695,-1.229742017741186,0.10101049,0.7333046573897505,0.11888778,18.990377,1.1744228336261193,0.11831685,-18.954028217651352,0.12688142,1.0615687,503635968.0,60.0,95.0,5.0,262144069.0,524416.0,196608.0,262144069.0,524416.0,196608.0,262144069.0,524416.0,196608.0,262144069.0,524416.0,196608.0,262144069.0,524416.0,196608.0
1.0657335185067416e+17,335.18508935,0.0019099999917671084,-1.1885477,0.0025100000202655792,18.399938939663723,0.004474765874496601,17.7593623419284,0.0018898678720145922,17.50443028287184,0.0016232518188892793,17.410211614411722,0.004916153140100771,17.30687541902532,0.006264625900860077,4900.0,5.0,-2.0,-37.133188,-37.691784,-37.934121,-38.034155,-38.104453,-38.186576,-38.247609,-37.807096,55.4557039195802,0.0018936121677620183,0.10195990643738967,16.40993787053854,0.0018936121677620183,15.850272166378929,0.0018936121677620183,15.820250522104063,0.0018936121677620183,2.6776150347586237e+18,335.1850924047069,0.11725823,-1.1885444020795433,0.12208727,0.6885395662069271,0.12717213,10.058481,7.341384398016999,0.13769333,6.875836422758464,0.13683797,0.9756235,503635968.0,60.0,89.0,20.0,262144069.0,524416.0,0.0,262144069.0,524416.0,0.0,262144069.0,524416.0,0.0,262144069.0,524416.0,0.0,262144069.0,524416.0,0.0
1.062033498056433e+17,334.98059421,0.017270000651478767,-1.49767486,0.01744000054895878,19.753045172421846,0.010272381787072297,19.627141781210874,0.0081444652627439,19.625795988650808,0.008611862657821536,19.78230067931703,0.02556121567652301,19.64254534743913,0.0674640575905584,6750.0,2.0,-2.5,-39.182701,-39.367966,-39.330508,-39.267589,-39.290627,-39.054274,-38.716872,-38.237537,58.97404399380794,0.014765897377235838,0.036894389814323865,19.06057994476628,0.014765897377235838,18.89934924060666,0.014765897377235838,18.908149596331796,0.014765897377235838,2.6775073856982917e+18,334.9805914625126,0.5692828,-1.4976768897833745,0.40383565,0.5806712907211278,0.72220623,2.1138668,-0.6124931000567615,0.47913602,-2.0231869429434304,0.5489129,0.9719104,436527104.0,52.0,67.0,5.0,262144069.0,524416.0,196608.0,262144069.0,524416.0,196608.0,262144005.0,524416.0,196608.0,262144069.0,524416.0,196608.0,195035141.0,524416.0,196608.0
1.0656334974157016e+17,334.97418753,0.010379999876022339,-1.20024947,0.010619999840855598,21.85848079272231,0.10687717652027866,20.402093215251107,0.021400090939523327,19.987061686386866,0.012382011963383514,19.57535171149752,0.026445150497530656,19.433441039030132,0.04299705336508809,4125.0,0.0,-2.3,-35.381496,-36.620608,-37.046457,-37.315959,-37.616642,-37.8322,-37.888303,-37.54138,57.04751808897759,0.024151274547191355,0.4182857578770569,18.35612803993593,0.024151274547191355,17.801392335776313,0.024151274547191355,17.677780691501454,0.024151274547191355,2.6776217048425943e+18,334.97417558820143,1.0106404,-1.2002542903193614,1.2221264,0.09941873517597793,1.1159025,13.2628975,-8.85067597450095,1.3254194,-9.877751845970492,1.6205596,1.0227065,436527104.0,52.0,45.0,10.0,195035141.0,524288.0,196608.0,262144005.0,524416.0,196608.0,262144069.0,524416.0,196608.0,262144069.0,524416.0,196608.0,195035141.0,524416.0,196608.0
1.0656335121835838e+17,335.12183915,0.005049999803304672,-1.19339594,0.003269999986514449,20.58615138390481,0.018121681869128197,19.681939572253377,0.006856410088296182,19.2973054939624,0.005952100259288776,19.092767390925744,0.012018450206847503,18.937843486346985,0.02366415466756514,4437.5,1.25,0.0,-36.297808,-37.161392,-37.489504,-37.650581,-37.789859,-37.957248,-38.108777,-37.682017,56.79703026547866,0.006679127404283654,0.2689008454692555,17.980592216437,0.006679127404283654,17.33043051227738,0.006679127404283654,17.28665586800252,0.006679127404283654,2.6776155544492396e+18,335.1218486164638,0.4855073,-1.193401496491136,0.50270617,0.410390758082427,0.5711839,30.812529,22.620798475598406,0.68794006,-20.92155238524934,0.6453211,1.1187739,436527104.0,52.0,97.0,10.0,262144069.0,524416.0,0.0,262144069.0,524416.0,0.0,262144069.0,524416.0,0.0,262144069.0,524416.0,0.0,262144069.0,524416.0,0.0
1.0665334895408142e+17,334.89541228,0.020430000498890877,-1.12424334,0.03999000042676926,20.144250934928124,0.015111944264165513,19.37394224279139,0.007653404578477794,19.056114555236352,0.005024387843031795,18.865638008813537,0.011180489722770833,18.803709471039863,0.025312148140900336,4600.0,5.0,-2.0,-36.602631,-37.286879,-37.588562,-37.7261,-37.816865,-37.958053,-38.114506,-37.682713,56.65293844256186,0.006566271783075033,0.16939604935616845,17.8356953935202,0.006566271783075033,17.180609689360587,0.006566271783075033,17.141868045085722,0.006566271783075033,2.677626132954156e+18,334.8954146003057,0.3416098,-1.1242419567656663,0.31134298,0.13122276369306496,0.39201108,5.569694,-3.430529838985821,0.40475634,-4.387818991597588,0.38013357,1.0084695,436527104.0,52.0,73.0,5.0,262144005.0,524416.0,196608.0,262144005.0,524416.0,196608.0,262144069.0,524416.0,196608.0,262144069.0,524416.0,196608.0,262144069.0,524416.0,196608.0
1.064333502855601e+17,335.02854083,0.005919999908655882,-1.30865925,0.0026199999265372753,20.608966472256128,0.023122546705962015,19.45572343635218,0.007034155273674446,18.571321340639766,0.0039035182616930257,18.20847626990874,0.0061278690421769045,18.025569413624787,0.012173294469245645,3700.0,5.25,-3.7,-34.932512,-35.916079,-36.765533,-37.017915,-37.335581,-37.564293,-37.896877,-37.481317,55.36753538655633,0.0056039587387344825,1.0255330580745847,16.944052337514666,0.0056039587387344825,16.112835633355047,0.0056039587387344825,16.05786098908019,0.0056039587387344825,2.6776079910121846e+18,335.02854000414584,0.33950976,-1.3086605131161881,0.35403758,0.5371061335480679,0.41379136,7.507225,-6.350964377098011,0.41948774,-4.002959118207951,0.4480079,0.98842657,503635968.0,60.0,75.0,5.0,262144005.0,524416.0,196608.0,262144069.0,524416.0,196608.0,262144069.0,524416.0,196608.0,262144069.0,524416.0,196608.0,262144069.0,524416.0,196608.0
1.065333510985178e+17,335.10987937,0.011470000259578228,-1.2188885,0.011800000444054604,20.08766149559179,0.013294155965063578,20.423561884387166,0.01521854878340607,20.810385613595958,0.021667277668846033,21.02607835446276,0.06834207836957894,20.885901153471703,0.12614403538639327,9937.5,3.25,-2.5,-40.800093,-40.5409,-40.289707,-40.141343,-40.092522,-39.674706,-39.214171,-38.681125,61.01963070030188,0.02929898774422934,0.2782642719150973,20.48573465126022,0.02929898774422934,20.447636947100605,0.02929898774422934,20.51014830282574,0.02929898774422934,2.6776146568014817e+18,335.1099109042291,1.0757328,-1.218894877807482,0.8555255,1.5954574498969827,1.5301285,21.150135,21.109921765156187,1.1993865,-1.3036239669872092,1.2878537,1.0015037,436527104.0,52.0,57.0,5.0,262144069.0,524416.0,196608.0,262144005.0,524416.0,196608.0,262144005.0,524416.0,196608.0,195035141.0,655360.0,196608.0,195035141.0,524416.0,196608.0
1.0653334878853765e+17,334.87887926,0.017069999128580093,-1.21899128,0.006730000022798777,20.53730173414653,0.021715281903201832,20.124595331362094,0.013890598241745208,19.9278575169872,0.010783556372340464,19.826969835580705,0.023691225672917687,19.857327777853875,0.058416063081837936,5562.5,2.75,1.0,-37.914048,-38.298176,-38.464849,-38.51863,-38.537981,-38.509391,-38.411201,-37.961401,58.40154723918609,0.013790573411647434,0.05652290041992403,19.032966190144425,0.013790573411647434,18.632523485984812,0.013790573411647434,18.611788841709945,0.013790573411647434,2.6776205666764805e+18,334.87888004402527,0.7294985,-1.2189933194444682,0.57269007,1.2176532345052498,0.8969463,9.488841,0.90542636037771,0.8653054,-9.445544721874837,0.73259175,1.0570011,436527104.0,52.0,63.0,5.0,262144069.0,524416.0,196608.0,262144069.0,524416.0,196608.0,262144069.0,524416.0,196608.0,262144069.0,524416.0,196608.0,195035141.0,524416.0,196608.0
1.0625334910887768e+17,334.91092371,0.007710000034421682,-1.45232585,0.014440000057220459,21.450817857857086,0.04117409411157994,20.231252182948445,0.012405300144324142,19.398335192927604,0.006381620641387021,19.000277962062402,0.011328442807997961,18.745271793477432,0.018276180662489403,3500.0,5.25,-4.0,-34.684886,-35.794762,-36.506989,-36.718367,-37.250151,-37.556015,-37.860125,-37.399868,55.9562219978546,0.009700051496054277,0.976794154006007,17.541016948812935,0.009700051496054277,16.738274244653326,0.009700051496054277,16.72799660037846,0.009700051496054277,2.677508519569742e+18,334.9109293154147,0.6595041,-1.452323242322109,0.63224137,1.122094302060534,0.7624536,12.647075,11.848065203939019,0.67998487,4.424007586827536,0.8492898,1.0548493,436527104.0,52.0,83.0,5.0,195035141.0,655488.0,196608.0,262144069.0,524416.0,196608.0,262144069.0,524416.0,196608.0,262144069.0,524416.0,196608.0,262144069.0,524416.0,196608.0
1.062833514630373e+17,335.14630444,0.002630000002682209,-1.4276002,0.0015200000489130616,17.94266675097527,0.0026765144651206448,17.225213723235484,0.0013604654441608725,17.020854782434508,0.0012967760110644795,16.924613989690876,0.0023793965700576215,16.849079968924187,0.004580862288534822,5187.5,0.0,-2.0,-37.451508,-38.141243,-38.32844,-38.370479,-38.484383,-38.463662,-38.326739,-37.875346,55.34769644305208,0.0012221628577853388,0.058214552724741214,16.02484439401042,0.0012221628577853388,15.6631346898508,0.0012221628577853388,15.643993045575941,0.0012221628577853388,2.677556279605839e+18,335.14629881589815,0.10205632,-1.4276010350164543,0.08613278,0.41511746239214486,0.11905002,12.446999,-10.469083158872115,0.11773078,-6.732464374360118,0.110244945,0.9887922,503635968.0,60.0,96.0,5.0,262144069.0,524416.0,196608.0,262144069.0,524416.0,196608.0,262144069.0,524416.0,196608.0,262144069.0,524416.0,196608.0,262144069.0,524416.0,196608.0
1.0654334785696811e+17,334.78566072,0.014460000209510326,-1.21025441,0.006300000008195639,19.954688062228676,0.013187944250304687,19.50910321554424,0.007748408635702311,19.44276382909094,0.00906577657341315,19.400955156385773,0.01371339992255583,19.436111445758662,0.03341211010636333,6000.0,5.0,-2.1,-38.391867,-38.809524,-38.900711,-38.885081,-38.897937,-38.803362,-38.60667,-38.125683,58.32574834180165,0.008051271834958048,0.010825037290744877,18.663196292759988,0.008051271834958048,18.361255588600372,0.008051271834958048,18.371707944325507,0.008051271834958048,2.677623521613987e+18,334.78566130647783,0.48849878,-1.2102565645241705,0.4244992,1.8581645185035482,0.57677794,9.226849,-1.77895824670879,0.5738947,-9.053730896213915,0.50533676,1.2159731,436527104.0,52.0,82.0,20.0,262144069.0,524416.0,196608.0,262144069.0,524416.0,196608.0,262144069.0,524416.0,196608.0,262144069.0,524416.0,196608.0,262144005.0,524416.0,196608.0
1.064233511883925e+17,335.11889738,0.01217000000178814,-1.31494339,0.012129999697208405,22.5535494699165,0.10574410901199897,21.853689166140107,0.047153039430673505,20.43250034000432,0.01587301005097697,19.85138880520013,0.02250817677134232,19.5579837120702,0.04089205866934098,3600.0,5.25,-3.7,-34.370028,-35.353768,-36.408712,-36.78025,-37.127324,-37.440923,-37.784489,-37.399731,56.85783869866626,0.025168199498698682,3.878931086885064,18.557725649624597,0.025168199498698682,17.71552694546498,0.025168199498698682,17.629750301190114,0.025168199498698682,-999,-999,-999,-999,-999,-999,-999,-999,-999,-999,-999,-999,-999,436527104.0,52.0,61.0,5.0,195035141.0,655360.0,196608.0,195035141.0,655488.0,196608.0,262144069.0,524416.0,196608.0,262144069.0,524416.0,196608.0,195035141.0,524416.0,196608.0
1.0633335047343571e+17,335.04723525,0.0026199999265372753,-1.38737377,0.0052999998442828655,18.09223300976071,0.003375448667222419,16.970379726721475,0.0013658630658685744,15.723438211877752,0.000706126636241422,15.189323868967335,0.0009410403434056348,14.933526482558298,0.0012790660825425762,3600.0,5.25,-3.7,-34.370028,-35.353768,-36.408712,-36.78025,-37.127324,-37.440923,-37.784489,-37.399731,52.18979665997712,0.0008069552011752559,2.2208300239793792,13.88968361093546,0.0008069552011752559,13.047484906775843,0.0008069552011752559,12.961708262500979,0.0008069552011752559,2.6776028413464366e+18,335.0471922634307,0.068077885,-1.3874222287764362,0.064129755,5.459079846982763,0.081501566,137.99394,-92.30062724985399,0.07434642,-102.58130161096237,0.082443014,1.0849245,436527104.0,52.0,79.0,5.0,262144069.0,524416.0,196608.0,262144069.0,524416.0,196608.0,262144069.0,524416.0,196608.0,262144069.0,524416.0,196608.0,262144069.0,524416.0,196608.0
1.065733519786338e+17,335.19781647,0.018200000748038292,-1.18888728,0.018780000507831573,22.89590126787302,0.1599243862266892,21.647680475904714,0.04300740039018697,20.728546058749647,0.025047035814840666,20.333395857084124,0.04197507595294788,20.260092332165673,0.08866802257735906,3700.0,5.25,-3.7,-34.932512,-35.916079,-36.765533,-37.017915,-37.335581,-37.564293,-37.896877,-37.481317,57.56664719835544,0.03882098660799327,1.0782883655320836,19.14316414931378,0.03882098660799327,18.31194744515416,0.03882098660799327,18.256972800879304,0.03882098660799327,-999,-999,-999,-999,-999,-999,-999,-999,-999,-999,-999,-999,-999,436527104.0,52.0,39.0,20.0,195035141.0,655360.0,0.0,195035141.0,655488.0,0.0,262144069.0,524416.0,0.0,195035205.0,524416.0,0.0,195035141.0,655360.0,0.0
1.0645334999053374e+17,334.99902878,0.011989999562501907,-1.28894765,0.01133000012487173,22.721796636685465,0.127258110243776,21.587324677981123,0.042396142406502545,20.22905758102198,0.012698001443959403,19.632942465943106,0.027515133874689242,19.226446677119743,0.0379950540242328,3400.0,5.25,-3.9,-33.768109,-34.920906,-35.953811,-36.371386,-36.883879,-37.315431,-37.613851,-37.226192,56.259131807750286,0.028533492935066136,2.962557533249567,18.08451075870863,0.028533492935066136,17.287458054549013,0.028533492935066136,17.20458241027415,0.028533492935066136,-999,-999,-999,-999,-999,-999,-999,-999,-999,-999,-999,-999,-999,436527104.0,52.0,55.0,5.0,195035141.0,655360.0,196608.0,195035141.0,655488.0,196608.0,262144069.0,524416.0,196608.0,262144069.0,524416.0,196608.0,262144069.0,524416.0,196608.0
1.0640334817155749e+17,334.81719024,0.0076299998909235,-1.32748081,0.0020699999295175076,17.51930639734225,0.0025102537160182625,17.13479869697245,0.0017022660355443156,17.059813552823233,0.001528790372972473,16.890247358981327,0.0025172687720894935,16.840502429214922,0.004247931921712848,5625.0,0.0,1.0,-38.085737,-38.42078,-38.553701,-38.611675,-38.633947,-38.567318,-38.414542,-37.959294,55.550101687066835,0.001198630069061986,0.08494004350983204,16.123593638025174,0.001198630069061986,15.777736933865562,0.001198630069061986,15.762450289590697,0.001198630069061986,2.6775250809636086e+18,334.8171878960258,0.090855956,-1.3274844687406246,0.07487843,0.5017463347857707,0.10306172,8.795264,-0.6366073249101516,0.09791683,-8.772194834195377,0.09972723,0.92981464,503635968.0,60.0,81.0,5.0,262144069.0,524416.0,196608.0,262144069.0,524416.0,196608.0,262144069.0,524416.0,196608.0,262144069.0,524416.0,196608.0,262144069.0,524416.0,196608.0
1.063733486942317e+17,334.86944455,0.011509999632835388,-1.35728991,0.011979999952018261,15.87994262951662,0.0008501171825807675,15.374543398549514,0.0005289852354334075,15.145376552822665,0.0005594716721015303,15.090787575895368,0.0009937906042188174,15.060648516332872,0.0013389812245790504,5375.0,1.0,0.2,-37.748215,-38.21933,-38.40213,-38.459471,-38.495221,-38.476902,-38.383892,-37.934128,53.575133134623414,0.00040477270857203294,0.06088801297283436,14.23904108558175,0.00040477270857203294,13.833418381422135,0.00040477270857203294,13.812647737147275,0.00040477270857203294,2.6775130206954353e+18,334.86944293943856,0.042227942,-1.357292519822563,0.036132198,0.8958120763933954,0.04665849,4.512602,2.2670935298886605,0.044808984,-3.901776668270124,0.04766301,1.0513293,503635968.0,60.0,86.0,5.0,262144069.0,524416.0,196608.0,262144069.0,524416.0,196608.0,262144069.0,524416.0,196608.0,262144069.0,524416.0,196608.0,262144069.0,524416.0,196608.0
1.0621334961776517e+17,334.96175224,0.00791999977082014,-1.48773232,0.007960000075399876,19.464503813767234,0.00857326050155292,18.98758941534567,0.0051665129301529614,18.75725080834036,0.00491959072307381,18.764184509382805,0.010375537639872506,18.645945283985224,0.020895184101791604,5437.5,0.0,0.0,-37.842577,-38.333795,-38.490797,-38.533836,-38.585538,-38.538757,-38.399275,-37.94608,57.281203366164256,0.0051716787384046,0.07655328361178572,17.883256317122598,0.0051716787384046,17.524105612962977,0.0051716787384046,17.506765968688114,0.0051716787384046,2.677507420058035e+18,334.9617496215759,0.2911788,-1.4877340927824896,0.26385286,-0.08489109323470578,0.34442937,1.7442137,0.672517961712629,0.3051461,-1.6093479740392058,0.3247312,0.96131516,436527104.0,52.0,71.0,5.0,262144069.0,524416.0,196608.0,262144069.0,524416.0,196608.0,262144005.0,524416.0,196608.0,262144069.0,524416.0,196608.0,262144005.0,524416.0,196608.0
1.063433495133255e+17,334.95132929,0.005280000157654285,-1.3791306,0.004050000105053186,18.86510371748496,0.0053744993289353655,18.27434666232966,0.003075688523677208,18.07842686674946,0.002618192593297473,17.962794844358367,0.005240078255925762,17.837357373225174,0.009116427435978508,5062.5,4.0,0.2,-37.342145,-37.890329,-38.114322,-38.199873,-38.253442,-38.298262,-38.299666,-37.858614,56.163628092829526,0.0024961386556895575,0.10957013237863732,17.006176043787864,0.0024961386556895575,16.50613933962825,0.0024961386556895575,16.476656695353384,0.0024961386556895575,2.677605895068082e+18,334.9513337304987,0.19189624,-1.3791310456128474,0.16333121,0.6729975684390066,0.23551476,8.513852,7.434707350364403,0.18144774,-4.14859125979898,0.2114732,0.9978126,503635968.0,60.0,84.0,5.0,262144069.0,524416.0,196608.0,262144069.0,524416.0,196608.0,262144069.0,524416.0,196608.0,262144069.0,524416.0,196608.0,262144069.0,524416.0,196608.0
1.0650334821984147e+17,334.82197957,0.00865000020712614,-1.24914872,0.00872000027447939,21.821135817177367,0.07173202420073664,20.75620991571879,0.020718007849102882,20.04297419934188,0.011387135471772853,19.615339137183952,0.01845524584635181,19.348826661870163,0.031576089783964395,3600.0,5.25,-3.9,-35.051259,-36.089317,-36.781863,-36.949897,-37.401318,-37.628562,-37.949038,-37.48536,56.77162794625843,0.016783362648429345,0.9082561832437412,18.283875897216763,0.016783362648429345,17.46476719305715,0.016783362648429345,17.457910548782287,0.016783362648429345,2.6776202230793994e+18,334.82197550821127,6.5712976,-1.2491536688315066,2.984172,nan,nan,nan,nan,nan,nan,nan,nan,436527104.0,52.0,73.0,5.0,195035141.0,655360.0,196608.0,262144069.0,524416.0,196608.0,262144069.0,524416.0,196608.0,262144005.0,524416.0,196608.0,262144069.0,524416.0,196608.0
1.0663335036623565e+17,335.03657469,0.008089999668300152,-1.1373758,0.006169999949634075,19.889885629672197,0.01385781271901036,19.561162227167195,0.008581264460801995,19.651003194278314,0.008897788076684732,19.71621571986968,0.025056219355997823,19.772864786630056,0.04738307798213431,6875.0,5.0,-2.5,-39.161041,-39.416636,-39.418749,-39.332199,-39.312015,-39.117503,-38.799588,-38.311315,59.04635431152349,0.011345162692946952,0.05860435251405107,19.069661262481826,0.011345162692946952,18.88894355832221,0.011345162692946952,18.906681914047347,0.011345162692946952,2.6776279540202813e+18,335.03657259891116,0.51460683,-1.137376748885734,0.45915017,0.6220795150485023,0.640215,0.46704018,-0.4670105198401323,0.63868797,-0.005263899717750547,0.5628206,1.0167093,436527248.0,52.0,67.0,5.0,262144069.0,524416.0,196608.0,262144069.0,524416.0,196608.0,262144069.0,524416.0,196608.0,262144069.0,524416.0,196608.0,195035141.0,524416.0,196608.0
1.064133490675579e+17,334.90677055,0.022210000082850456,-1.31882948,0.02457999996840954,21.85006088079021,0.05593613751595022,21.41095697846042,0.042638017861007106,21.209785444613253,0.031263071189549754,21.175174133027177,0.08297005720100072,20.74093324037511,0.1351290267172912,4900.0,5.0,-2.0,-37.133188,-37.691784,-37.934121,-38.034155,-38.104453,-38.186576,-38.247609,-37.807096,59.05692233545324,0.03525229973832711,0.5775488039530521,20.011156286411573,0.03525229973832711,19.451490582251964,0.03525229973832711,19.421468937977096,0.03525229973832711,-999,-999,-999,-999,-999,-999,-999,-999,-999,-999,-999,-999,-999,436527104.0,52.0,35.0,5.0,195035141.0,655360.0,196608.0,195035141.0,655488.0,196608.0,262144069.0,655488.0,196608.0,195035141.0,655360.0,196608.0,195035141.0,655360.0,196608.0
1.0671334889419882e+17,334.88942534,0.01655999943614006,-1.06807581,0.027289999648928642,19.17125331420393,0.009263058882935885,18.79109258775381,0.004906635543340705,18.5131033643016,0.003959971163425223,18.438276385209186,0.0076277316516157575,18.39383696695154,0.015836242484515595,5437.5,2.5,1.0,-37.782165,-38.196334,-38.379963,-38.443897,-38.469668,-38.456034,-38.378039,-37.931154,56.91591792368402,0.004169074573650649,0.12884541219463855,17.600693874642356,0.004169074573650649,17.180056170482743,0.004169074573650649,17.15640652620788,0.004169074573650649,2.677627163746339e+18,334.88943063567524,0.2101181,-1.0680739147982823,0.22153267,0.07384576200024298,0.24002735,8.24991,-5.896843847440466,0.26494795,-5.769597762020393,0.24192554,1.021214,436527104.0,52.0,70.0,5.0,262144069.0,524416.0,196608.0,262144069.0,524416.0,196608.0,262144069.0,524416.0,196608.0,262144069.0,524416.0,196608.0,262144069.0,524416.0,196608.0
1.0639335164327026e+17,335.16436542,0.0026700000744313,-1.3418202,0.002730000065639615,20.39052226196762,0.017514983138992437,19.134655301236872,0.0046541084052280435,18.185580830974736,0.0026245178215554875,17.736500356514377,0.004015350154776704,17.51229789048865,0.007306503768388625,3600.0,5.25,-3.8,-34.710644,-35.721542,-36.595287,-36.865073,-37.264321,-37.534743,-37.866763,-37.442545,54.823284728236445,0.00402408492646668,1.2149917181724728,16.429351679194784,0.00402408492646668,15.59869897503517,0.00402408492646668,15.552382330760304,0.00402408492646668,2.6776041427214515e+18,335.16436743801125,0.2584899,-1.3418296547416972,0.23353457,0.9046036446985075,0.30229038,13.605122,5.499606693165487,0.2837939,-12.444021107215628,0.2710227,0.99022853,503636096.0,60.0,94.0,5.0,262144069.0,524416.0,196608.0,262144069.0,524416.0,196608.0,262144069.0,524416.0,196608.0,262144069.0,524416.0,196608.0,262144069.0,524416.0,196608.0
1.0648334754707206e+17,334.75471826,0.005810000002384186,-1.26533049,0.003860000055283308,20.4265407397812,0.0176248971572298,19.289638024460785,0.005854671902561202,18.482831635954756,0.003878700787555353,18.072663271128697,0.007027771430611128,17.893154853835995,0.00923239881576373,3600.0,5.25,-3.9,-35.051259,-36.089317,-36.781863,-36.949897,-37.401318,-37.628562,-37.949038,-37.48536,55.2876965050323,0.004447854592331807,0.9496955933220296,16.799944455990637,0.004447854592331807,15.980835751831023,0.004447854592331807,15.973979107556163,0.004447854592331807,2.677529307211437e+18,334.75471202978156,0.31082663,-1.2653390842957564,0.25701532,1.4992255723230505,0.36452055,25.546465,-11.8628717793932,0.30571833,-22.62507761530468,0.30470914,0.97518027,503635968.0,60.0,86.0,5.0,262144005.0,524416.0,196608.0,262144069.0,524416.0,196608.0,262144069.0,524416.0,196608.0,262144069.0,524416.0,196608.0,262144069.0,524416.0,196608.0
1.0655334924530805e+17,334.9245281,0.020479999482631683,-1.20205016,0.02126000076532364,22.426713636946566,0.09903227018064525,21.236942204583883,0.03687803644556823,20.93439984302181,0.02881100919253177,20.579098228976488,0.05253007922569698,20.43937719411817,0.10893502061069199,4437.5,0.5,-2.4,-36.087862,-37.169375,-37.500836,-37.686804,-37.943889,-38.071001,-38.040684,-37.652065,58.40105942152939,0.032633542436465594,0.26891043394821224,19.470868372487725,0.032633542436465594,19.002552668328114,0.032633542436465594,18.92063702405325,0.032633542436465594,-999,-999,-999,-999,-999,-999,-999,-999,-999,-999,-999,-999,-999,436527104.0,52.0,31.0,10.0,195035141.0,655360.0,196608.0,262144069.0,524416.0,196608.0,262144069.0,524416.0,196608.0,195035141.0,655360.0,196608.0,195035141.0,655360.0,196608.0
1.0656335138115094e+17,335.1381365,0.00443999981507659,-1.19958123,0.0055599999614059925,18.733543607740287,0.004373774246753134,18.25462622411366,0.002550807639075371,18.057919849008748,0.0025922795158793907,18.04777979416929,0.007017807646362068,17.93863973453727,0.011631336689978667,5500.0,0.0,-0.5,-37.922544,-38.417215,-38.556079,-38.584447,-38.645742,-38.580574,-38.413562,-37.958983,56.63170724191386,0.0029454646575272697,0.056707895011893515,17.1919431928722,0.0029454646575272697,16.860322488712583,0.0029454646575272697,16.844366844437715,0.0029454646575272697,2.67761517219757e+18,335.1381381230192,0.15689474,-1.199581587864964,0.16377942,0.5033561749306533,0.19167727,4.264986,3.1496641526392204,0.1891537,-2.8757123242060088,0.19879638,0.9285428,436527104.0,52.0,87.0,10.0,262144069.0,524416.0,196608.0,262144069.0,524416.0,196608.0,262144069.0,524416.0,196608.0,262144069.0,524416.0,196608.0,262144069.0,524416.0,196608.0
1.0665334934418558e+17,334.93441898,0.004629999864846468,-1.12076004,0.007930000312626362,18.670138558962794,0.006071922736661108,17.981626331695193,0.0026124260239645453,17.691408935374,0.0021428592530629968,17.579023993076117,0.0033806679344561804,17.4272909173774,0.006738577296412586,4700.0,4.5,-2.0,-36.828734,-37.451688,-37.722042,-37.850461,-37.932521,-38.059212,-38.182383,-37.749476,55.4269869472971,0.0020505823650065307,0.15576507773783188,16.50858489825544,0.0020505823650065307,15.886781194095825,0.0020505823650065307,15.849153549820963,0.0020505823650065307,2.6776259955152046e+18,334.9344216169942,0.14113253,-1.1207547715918578,0.1368959,0.10304707342633615,0.1611401,5.1032114,3.9449634776968994,0.16707364,-3.237287225852446,0.16818166,1.0667496,503636096.0,60.0,76.0,5.0,262144069.0,524416.0,196608.0,262144069.0,524416.0,196608.0,262144069.0,524416.0,196608.0,262144069.0,524416.0,196608.0,262144069.0,524416.0,196608.0
1.0640335209693515e+17,335.20972099,0.0035699999425560236,-1.32942469,0.003599999938160181,15.950501538378544,0.0010876715485399454,15.61272444614764,0.0008398065214599529,15.52887741308313,0.0006159395675759543,15.475742607861998,0.001056446552285972,15.427596038918571,0.001532604678685408,5812.5,0.0,0.0,-38.321307,-38.646053,-38.727607,-38.758543,-38.792107,-38.674934,-38.469071,-38.006962,54.24821180887798,0.0004788587416289243,0.017201920788611807,14.714087759836321,0.0004788587416289243,14.421318055676707,0.0004788587416289243,14.412892411401844,0.0004788587416289243,2.677609885092854e+18,335.20971792035914,0.03781223,-1.3294317198246528,0.034406327,0.48761913775788834,0.044088524,17.319801,-6.410346177570872,0.045790236,-16.089840810313706,0.042692184,0.98055565,503635968.0,60.0,79.0,10.0,262144069.0,524416.0,196608.0,262144069.0,524416.0,196608.0,262144069.0,524416.0,196608.0,262144069.0,524416.0,196608.0,262144069.0,524416.0,196608.0
1.0641335127943093e+17,335.12795175,0.0027099999133497477,-1.32460856,0.0013599999947473407,18.525913246397838,0.004885114148587719,17.99217030313671,0.0023622208654542117,17.77748893436079,0.0021189923886570164,17.690389416049022,0.004059395019962969,17.631052058097083,0.007672510153213102,5250.0,1.5,0.4,-37.586414,-38.067664,-38.27511,-38.350136,-38.388338,-38.394555,-38.342116,-37.895276,56.0569351916083,0.002090747774212507,0.07160689116035655,16.80319014256664,0.002090747774212507,16.356996438407023,0.002090747774212507,16.333301794132154,0.002090747774212507,2.677604971650272e+18,335.12795156051624,0.14273362,-1.3246091654642034,0.13876106,0.5205015946858934,0.16280824,3.615685,-0.39260851184968354,0.16213472,-3.594306202663264,0.16327204,1.0671536,503635968.0,60.0,88.0,5.0,262144069.0,524416.0,196608.0,262144069.0,524416.0,196608.0,262144069.0,524416.0,196608.0,262144069.0,524416.0,196608.0,262144069.0,524416.0,196608.0
1.0647334930176749e+17,334.93017763,0.020020000636577606,-1.26911042,0.020500000566244125,21.581449014375007,0.04984115416630768,21.178741911490405,0.03315403157072657,21.150985724570862,0.03539606686175142,20.879644030707755,0.05338508927356557,20.738397135949693,0.12862902247470287,5500.0,0.0,1.0,-37.919943,-38.321167,-38.484648,-38.547431,-38.5719,-38.522472,-38.384258,-37.936286,59.474861363418746,0.03113300832675708,0.32772306650382155,20.093199314377085,0.03113300832675708,19.732780610217468,0.03113300832675708,19.710217965942604,0.03113300832675708,-999,-999,-999,-999,-999,-999,-999,-999,-999,-999,-999,-999,-999,436527248.0,52.0,43.0,5.0,195035141.0,655360.0,196608.0,262144005.0,524416.0,196608.0,262144005.0,524416.0,196608.0,195035141.0,655360.0,196608.0,195035141.0,655360.0,196608.0
1.0627335150738158e+17,335.15077517,0.01875000074505806,-1.44072392,0.01988000050187111,21.899698190438205,0.06892710204243845,20.94083631277261,0.0247000075457649,20.713507252287094,0.02323606863014381,20.71675310197046,0.05239508758339109,21.128724962769976,0.1586110174718703,4500.0,5.25,-3.6,-37.169048,-38.096793,-38.081323,-37.995876,-38.090891,-38.061546,-38.207937,-37.715813,58.96669016404767,0.03677153829822598,0.7581241018422302,20.04595411500601,0.03677153829822598,19.400930410846392,0.03677153829822598,19.422519766571533,0.03677153829822598,-999,-999,-999,-999,-999,-999,-999,-999,-999,-999,-999,-999,-999,436527104.0,52.0,47.0,5.0,195035141.0,655360.0,196608.0,262144069.0,524416.0,196608.0,262144069.0,524416.0,196608.0,195035141.0,655360.0,196608.0,195035141.0,655360.0,196608.0
1.0656335189891827e+17,335.18990484,0.0020000000949949026,-1.19348562,0.00215999991632998,17.142284299344578,0.0020184727654245513,16.806828189014134,0.0013231314481873056,16.668326883828872,0.001128933586133042,16.649049954340533,0.002303484263384708,16.55680393825307,0.0035871067037795508,5687.5,0.0,0.2,-38.176313,-38.509111,-38.618504,-38.664328,-38.693207,-38.6107,-38.444098,-37.981394,55.296951252956234,0.0010054406880926048,0.0402706961252363,15.827061203914571,0.0010054406880926048,15.49503049975496,0.0010054406880926048,15.487199855480094,0.0010054406880926048,2.677615034758621e+18,335.18990171214926,0.07049794,-1.1934954424366109,0.07358457,0.4360915676036924,0.07602996,23.007317,-5.049166873606709,0.08510494,-22.446437264058247,0.08114798,1.038188,503635968.0,60.0,81.0,20.0,262144069.0,524416.0,0.0,262144069.0,524416.0,0.0,262144069.0,524416.0,0.0,262144069.0,524416.0,0.0,262144069.0,524416.0,0.0
1.0648335195203523e+17,335.19521355,0.006940000224858522,-1.26268054,0.011509999632835388,20.938703060627358,0.029561260649823968,19.837698238522478,0.009270688807740797,19.115915723105672,0.005616923666095336,18.746945018436424,0.010826481908628132,18.554633342242035,0.01914018147692897,3700.0,5.25,-3.8,-35.321296,-36.317193,-36.986985,-37.128968,-37.499213,-37.672445,-37.998751,-37.539705,56.0895100765868,0.007680944970861777,0.7539369356450785,17.557875027545133,0.007680944970861777,16.732936323385523,0.007680944970861777,16.72144767911066,0.007680944970861777,2.677611220827943e+18,335.19521351207226,0.4527353,-1.2626796560186462,0.43592104,0.935794749097709,0.5233149,0.7815879,0.15620722529343137,0.501566,0.7658191323015247,0.50782853,1.0034373,436527104.0,52.0,75.0,10.0,262144005.0,524416.0,0.0,262144069.0,524416.0,0.0,262144069.0,524416.0,0.0,262144069.0,524416.0,0.0,262144069.0,524416.0,0.0
1.0655334853470154e+17,334.85345999,0.012520000338554382,-1.20741378,0.01310999970883131,21.084079446365468,0.03045900739685341,20.815966546475174,0.020007256746272645,20.793253223452417,0.020495225666433622,20.614122846645213,0.044222117029581925,20.652273843205503,0.10989703352301212,5875.0,0.0,1.0,-38.390004,-38.615511,-38.694878,-38.744747,-38.761012,-38.653115,-38.462915,-37.998003,59.43316958122875,0.025124529321734153,0.047297615959103444,19.920864532187093,0.025124529321734153,19.612431828027475,0.025124529321734153,19.606809183752617,0.025124529321734153,-999,-999,-999,-999,-999,-999,-999,-999,-999,-999,-999,-999,-999,436527104.0,52.0,65.0,10.0,262144069.0,524416.0,196608.0,262144069.0,524416.0,196608.0,262144069.0,524416.0,196608.0,195035141.0,655488.0,196608.0,195035141.0,655360.0,196608.0
1.0676335010362522e+17,335.01038819,0.0048699998296797276,-1.02938046,0.010929999873042107,20.302670242889615,0.014314236396806691,19.15132743595357,0.00519909971278899,18.515482674728638,0.003486019186278602,18.181140155867514,0.0065498364532851185,18.09012687000803,0.01314228420082916,3800.0,5.25,-3.7,-35.397698,-36.404124,-37.058686,-37.228045,-37.514694,-37.683869,-38.007623,-37.567673,55.568798875889485,0.0042881246380880155,0.597717158554509,17.025739826847822,0.0042881246380880155,16.203353122688206,0.0042881246380880155,16.172768478413346,0.0042881246380880155,2.6776328674629263e+18,335.0103903861904,0.25010285,-1.0293781067013656,0.2723966,-0.023702883239768976,0.28398094,3.7860236,0.5782618581694707,0.33718288,3.7416023367585773,0.34258214,1.010781,503636096.0,60.0,85.0,5.0,262144069.0,524416.0,196608.0,262144069.0,524416.0,196608.0,262144069.0,524416.0,196608.0,262144069.0,524416.0,196608.0,262144069.0,524416.0,196608.0
1.0638334985722627e+17,334.98571835,0.00215000007301569,-1.34515287,0.0030499999411404133,18.5882293215825,0.004155230232841568,18.03011751058686,0.002501975280607374,17.81641164299895,0.002069134076109979,17.75869304261808,0.004836172949846621,17.64575596110453,0.009878397455354218,5312.5,0.0,0.0,-37.661778,-38.218864,-38.405301,-38.455833,-38.513602,-38.485538,-38.363626,-37.916605,56.21891709577818,0.0024394953535876005,0.08163455794831821,16.87418904673652,0.0024394953535876005,16.49746834257691,0.0024394953535876005,16.473954698302045,0.0024394953535876005,2.6776063417447045e+18,334.98572082166515,0.18323363,-1.3451553181204097,0.15554962,0.257278940464997,0.21629426,9.769194,7.216584466305426,0.19158366,-6.584683621049357,0.21827456,0.93303484,436527104.0,52.0,83.0,5.0,262144069.0,524416.0,196608.0,262144069.0,524416.0,196608.0,262144069.0,524416.0,196608.0,262144069.0,524416.0,196608.0,262144069.0,524416.0,196608.0
1.0650335135823005e+17,335.13584936,0.0019499999471008778,-1.25032534,0.0017300000181421638,19.063973116895315,0.005996287563881294,17.82612569637281,0.00217439285269012,17.024922614285185,0.0012405941857395867,16.608975817124392,0.0020777089326116044,16.40417072655122,0.003051270756465156,3600.0,5.25,-3.9,-35.051259,-36.089317,-36.781863,-36.949897,-37.401318,-37.628562,-37.949038,-37.48536,53.84036439424579,0.0014946524732952703,0.9409603747640551,15.352612345204125,0.0014946524732952703,14.533503641044511,0.0014946524732952703,14.526646996769651,0.0014946524732952703,2.677614313204077e+18,335.13585059383814,0.1152283,-1.2503301494142367,0.11421918,1.5798805809734693,0.1395773,14.07963,3.4734935069671766,0.13786498,-13.64444251977331,0.15691388,1.0393095,503635968.0,60.0,88.0,5.0,262144069.0,524416.0,196608.0,262144069.0,524416.0,196608.0,262144069.0,524416.0,196608.0,262144069.0,524416.0,196608.0,262144069.0,524416.0,196608.0
1.0650335034225822e+17,335.03415091,0.010359999723732471,-1.24350503,0.011370000429451466,22.597030789532514,0.11744410335384459,21.173777399482912,0.02560114768371286,20.229237501015735,0.013088001090429315,19.861424744811565,0.02098618265652532,19.65352657940639,0.049531045983352597,3500.0,5.25,-3.9,-34.511306,-35.645233,-36.434822,-36.706275,-37.18012,-37.486433,-37.757966,-37.336244,56.79855060284982,0.026467773859206914,1.1482455057048981,18.452927553808163,0.026467773859206914,17.682761849648543,0.026467773859206914,17.633949205373682,0.026467773859206914,-999,-999,-999,-999,-999,-999,-999,-999,-999,-999,-999,-999,-999,436527104.0,52.0,62.0,5.0,195035141.0,655360.0,196608.0,262144069.0,524416.0,196608.0,262144069.0,524416.0,196608.0,262144069.0,524416.0,196608.0,195035141.0,524288.0,196608.0
1.0640335081921285e+17,335.08194141,0.009410000406205654,-1.33135338,0.009479999542236328,22.231327690691305,0.10502407410080244,21.204747712175685,0.03214505530935642,19.9295737285645,0.013117013975417334,19.302914896086257,0.017210232417860412,19.031214256512058,0.02859208233873007,3600.0,5.25,-3.7,-34.370028,-35.353768,-36.408712,-36.78025,-37.127324,-37.440923,-37.784489,-37.399731,56.347972056805965,0.023107674958372782,2.7191121377760266,18.047859007764306,0.023107674958372782,17.205660303604688,0.023107674958372782,17.119883659329822,0.023107674958372782,2.6776047955586263e+18,335.081939824501,3.5645843,-1.3313503173101835,5.621026,nan,nan,nan,nan,nan,nan,nan,nan,436527104.0,52.0,57.0,5.0,195035141.0,655360.0,196608.0,262144005.0,655488.0,196608.0,262144069.0,524416.0,196608.0,262144069.0,524416.0,196608.0,262144005.0,524416.0,196608.0
1.0637334972291848e+17,334.97226462,0.003060000017285347,-1.35168289,0.002369999885559082,19.35625138146199,0.0077388479351780315,18.5087729393309,0.004108268128136586,18.202476609646716,0.00280984456371124,18.01084822450759,0.005858956345735923,17.925119532940514,0.01228631379312915,4625.0,1.5,0.0,-36.647186,-37.420856,-37.709361,-37.842305,-37.958034,-38.083186,-38.176588,-37.739128,55.91624213757755,0.0032859929210706748,0.1626520476075091,16.97386608853589,0.0032859929210706748,16.38183138437627,0.0032859929210706748,16.348756740101408,0.0032859929210706748,2.677606307384961e+18,334.9722615057265,0.2423173,-1.3516959447523322,0.20533884,0.8466954767908138,0.28997716,39.6283,-12.047625468312242,0.23943001,-37.752575395595805,0.26429117,0.8644764,503635968.0,60.0,76.0,5.0,262144069.0,524416.0,196608.0,262144069.0,524416.0,196608.0,262144069.0,524416.0,196608.0,262144069.0,524416.0,196608.0,262144069.0,524416.0,196608.0
1.0667334962132131e+17,334.96211106,0.005189999938011169,-1.10758659,0.0065299998968839645,19.86881109789133,0.011854209228053853,19.639101950609692,0.007116631594737935,19.40821472191853,0.007439982053936278,19.45194833925915,0.027911197549549176,19.451302405712514,0.04310808880935075,6062.5,3.0,1.0,-38.406497,-38.682033,-38.784979,-38.800425,-38.798875,-38.713392,-38.540597,-38.07493,58.25843750307825,0.010740324620951501,0.06932853427280987,18.685855454036588,0.010740324620951501,18.360017749876974,0.010740324620951501,18.355150105602107,0.010740324620951501,2.6776319096851763e+18,334.9621085175469,0.36484697,-1.1075855099116882,0.34170917,-0.15466781881933572,0.43593082,2.0037844,0.3022708394587734,0.44260818,-1.9808544029605304,0.42935577,0.9898489,436527104.0,52.0,64.0,5.0,262144069.0,524416.0,196608.0,262144069.0,524416.0,196608.0,262144069.0,524416.0,196608.0,262144005.0,524416.0,196608.0,195035141.0,524416.0,196608.0
1.067733506594607e+17,335.06594853,0.005410000216215849,-1.02479659,0.0024999999441206455,19.536457395036678,0.00922044363911009,18.439891405044573,0.0030421777886365077,17.615809008071125,0.002046774745100798,17.34645983115089,0.003641529596743822,17.140650403348506,0.0048367903700500805,3700.0,5.25,-3.8,-35.321296,-36.317193,-36.986985,-37.128968,-37.499213,-37.672445,-37.998751,-37.539705,54.66658460853036,0.002324788096533806,0.7897983964429529,16.134949559488692,0.002324788096533806,15.310010855329082,0.002324788096533806,15.298522211054221,0.002324788096533806,2.677631252555225e+18,335.06594928608905,0.16661324,-1.0248062883425026,0.16090061,0.9033779542806579,0.19623016,11.180204,-0.6985787618721401,0.23012337,-11.158358099280536,0.21095884,1.0583123,503635968.0,60.0,83.0,5.0,262144069.0,524416.0,196608.0,262144069.0,524416.0,196608.0,262144069.0,524416.0,196608.0,262144069.0,524416.0,196608.0,262144069.0,524416.0,196608.0
1.0676334905370584e+17,334.90542432,0.0075599998235702515,-1.02888825,0.0037499999161809683,20.376401320907483,0.021403724655557527,19.28705845584907,0.0067582699374058915,18.018326943489708,0.002694269450708151,17.48622306639952,0.0035255185778570145,17.192524485434063,0.00560764437349503,3600.0,5.25,-3.7,-34.370028,-35.353768,-36.408712,-36.78025,-37.127324,-37.440923,-37.784489,-37.399731,54.48012325441597,0.004711380630826552,2.3688476252787978,16.180010205374312,0.004711380630826552,15.337811501214695,0.004711380630826552,15.252034856939831,0.004711380630826552,2.6776333828590024e+18,334.9054448000759,0.22825778,-1.0288946642287744,0.25032523,2.2778011807147043,0.27048713,55.250015,51.136420015366376,0.3087367,-20.91962212141608,0.29432037,1.0145148,503635968.0,60.0,86.0,5.0,262144005.0,524416.0,196608.0,262144069.0,524416.0,196608.0,262144069.0,524416.0,196608.0,262144069.0,524416.0,196608.0,262144069.0,524416.0,196608.0
1.0651335224600538e+17,335.224627,0.0037499999161809683,-1.23758867,0.0021299999207258224,19.594479151534138,0.008471434947594033,18.860069470257656,0.004359992811112683,18.54327906241345,0.003983970465240837,18.479833263016353,0.00873263998998409,18.396901981127094,0.014372266615567432,5000.0,0.0,0.0,-37.199719,-37.899887,-38.145583,-38.222898,-38.306322,-38.336335,-38.282799,-37.837655,56.72979438566975,0.0039469877978823625,0.1158787802242903,17.53426933662809,0.0039469877978823625,17.089172632468475,0.0039469877978823625,17.06378198819361,0.0039469877978823625,2.6776117362237087e+18,335.2246281002629,0.230677,-1.237591657200778,0.23219675,0.45154844730753696,0.264667,10.206342,3.846510219577725,0.28063786,-9.453770340731426,0.27604443,1.0457608,436527104.0,52.0,83.0,5.0,262144069.0,524416.0,196608.0,262144069.0,524416.0,196608.0,262144069.0,524416.0,196608.0,262144069.0,524416.0,196608.0,262144069.0,524416.0,196608.0
1.0670335116365382e+17,335.11638156,0.0015899999998509884,-1.08053539,0.0033100000582635403,17.569637852233463,0.0024348371448822087,16.522101314508138,0.0009523384306589913,15.946825044149866,0.0007428403130141294,15.665116588368148,0.0011449846244669611,15.555800065204938,0.0016673678424520932,3800.0,5.25,-3.8,-35.867083,-36.863333,-37.336236,-37.374505,-37.714677,-37.807618,-38.129643,-37.640044,53.283062972892914,0.0006775927228521925,0.5213705542638177,14.616254923851255,0.0006775927228521925,13.795597219691636,0.0006775927228521925,13.814661575416773,0.0006775927228521925,2.677629981244878e+18,335.1163880752036,0.055390887,-1.0805350923500914,0.060780633,1.6040597816614663,0.06385021,15.299846,15.044398657772494,0.07777724,-2.784126643887696,0.090206996,1.0483071,503635968.0,60.0,87.0,5.0,262144069.0,524416.0,196608.0,262144069.0,524416.0,196608.0,262144069.0,524416.0,196608.0,262144069.0,524416.0,196608.0,262144069.0,524416.0,196608.0
1.0673334993437051e+17,334.99343757,0.003819999983534217,-1.05833055,0.006029999814927578,14.49264743571437,0.000588079673886337,13.98295136200985,0.0004078944335752157,13.854983681030747,0.00041939148747677745,13.639973636785529,0.0005387711501260769,13.590432500001612,0.0005069416175293719,5250.0,2.0,1.0,-37.574549,-38.039084,-38.249966,-38.329808,-38.366011,-38.375559,-38.329892,-37.885283,52.02408132310842,0.0002222943046809218,0.1304421139918862,12.789332274066755,0.0002222943046809218,12.336366569907142,0.0002222943046809218,12.31044092563228,0.0002222943046809218,2.677632528160467e+18,334.9934416922692,0.017324334,-1.058335260763207,0.017921463,0.2562336324502206,0.019618921,14.991883,8.170766294091242,0.02288952,-12.569611779777313,0.02251031,1.0562979,503635968.0,60.0,78.0,5.0,262144069.0,524416.0,196608.0,262144069.0,524416.0,196608.0,263208967.0,524416.0,196608.0,263192581.0,524416.0,196608.0,263192581.0,524416.0,196608.0
1.0665334893933744e+17,334.8939529,0.0025599999353289604,-1.11921031,0.01205000001937151,19.838543933418624,0.011163979803936798,18.620592559768227,0.004481661293597191,17.56424823949063,0.001641529552850005,17.063410876118652,0.003227713871688182,16.879010799653223,0.004749797091863779,3600.0,5.25,-3.8,-34.710644,-35.721542,-36.595287,-36.865073,-37.264321,-37.534743,-37.866763,-37.442545,54.224534681689875,0.002686209683084936,1.580188718898412,15.830601632648214,0.002686209683084936,14.9999489284886,0.002686209683084936,14.953632284213734,0.002686209683084936,2.677626132954159e+18,334.8939572179956,0.18084651,-1.1192148394265191,0.17388271,1.715382115131044,0.2005656,18.153635,9.588412111839443,0.23670925,-15.41482434066951,0.2227492,1.0590314,503635968.0,60.0,79.0,5.0,262144069.0,524416.0,196608.0,262144069.0,524416.0,196608.0,262144069.0,524416.0,196608.0,262144069.0,524416.0,196608.0,262144069.0,524416.0,196608.0
1.0653335020673818e+17,335.02068115,0.015629999339580536,-1.21851166,0.005419999826699495,19.330343855903507,0.008101373564079509,19.05736786912431,0.005445426921003199,18.937450803279248,0.005064562484855573,18.85983841956508,0.015948350160372018,18.991091573152577,0.042959090449454236,6312.5,5.0,1.0,-38.557921,-38.812981,-38.903064,-38.906444,-38.891563,-38.788328,-38.600582,-38.121646,57.84961310420495,0.009425005137870191,0.04103988947481993,18.202095055163287,0.009425005137870191,17.89120835100367,0.009425005137870191,17.89960970672881,0.009425005137870191,2.677609708999157e+18,335.02068344034734,0.31093284,-1.2185128596396284,0.2592459,0.2741268359181934,0.3792432,7.146186,3.7312585297450553,0.3002907,-6.09472598928624,0.32500896,0.9533003,436527104.0,52.0,69.0,5.0,262144069.0,524416.0,196608.0,262144069.0,524416.0,196608.0,262144069.0,524416.0,196608.0,262144069.0,524416.0,196608.0,195035141.0,524416.0,196608.0
1.0644335028987883e+17,335.02896783,0.0033199999015778303,-1.29301349,0.009600000455975533,16.501601798584062,0.001408411182413342,15.367484432139188,0.0006354368490573515,14.837164623319945,0.0004520778474432711,14.608222583615765,0.0007031723824943292,14.396606463429341,0.0009233023655664273,3700.0,5.25,-3.9,-35.71008,-36.718308,-37.208436,-37.24002,-37.662846,-37.780598,-38.100624,-37.598092,52.05015398021766,0.00039692392650477176,0.36577120569962285,13.410365931175999,0.00039692392650477176,12.591707227016379,0.00039692392650477176,12.623704582741519,0.00039692392650477176,2.677608167105988e+18,335.0289637018938,0.10785855,-1.2930118860624484,0.11912198,3.5981002514855467,0.13084176,7.8860164,-7.833996368537292,0.14377777,0.9043000947361337,0.1567779,3.0295818,503635968.0,60.0,77.0,5.0,262144069.0,524416.0,196608.0,262144069.0,524416.0,196608.0,262144069.0,524416.0,196608.0,262144069.0,524416.0,196608.0,262144069.0,524416.0,196608.0
1.0656335191959531e+17,335.192004,0.006579999811947346,-1.1959082,0.0047900001518428326,21.901622191044915,0.07955899846858244,20.772712917487794,0.021145999463481297,19.36479807949392,0.007823139619065616,18.750147792533465,0.011770373617870668,18.46945420013563,0.016910160263439455,3600.0,5.25,-3.6,-34.029413,-34.985993,-36.222136,-36.695426,-36.990327,-37.347104,-37.702214,-37.356916,55.63640603613915,0.01704404207853562,2.9861368578275678,17.430111987097487,0.01704404207853562,16.576369282937875,0.01704404207853562,16.45113263866301,0.01704404207853562,2.677614966039571e+18,335.19200640997803,0.5969652,-1.1959107604092136,0.6666058,1.1879756327422322,0.6412025,12.225555,6.787346779389431,0.82446873,-10.168388801330675,0.7529164,1.0303814,436527104.0,52.0,56.0,20.0,195035141.0,655360.0,0.0,262144069.0,524416.0,0.0,262144069.0,524416.0,0.0,262144069.0,524416.0,0.0,262144069.0,524416.0,0.0
1.0653334881517962e+17,334.88150877,0.005119999870657921,-1.21735048,0.001449999981559813,18.12438391801413,0.003222446523016009,17.531958004147576,0.0021860069348403175,17.281279584238145,0.0017260343210508656,17.14600383254272,0.003035874558846332,17.03586662253292,0.0047178349200469,4900.0,5.0,-2.0,-37.133188,-37.691784,-37.934121,-38.034155,-38.104453,-38.186576,-38.247609,-37.807096,55.203438592295086,0.0014087793732189269,0.1292632475075358,16.157672543253423,0.0014087793732189269,15.598006839093813,0.0014087793732189269,15.567985194818947,0.0014087793732189269,2.6776205709715395e+18,334.88150937044475,0.11772563,-1.2173496637726813,0.10984961,-0.21352994970653255,0.14384942,1.8237461,1.0425324352322631,0.13876633,-1.4963876778555285,0.14347024,1.0607022,503635968.0,60.0,76.0,5.0,262144069.0,524416.0,196608.0,262144069.0,524416.0,196608.0,262144069.0,524416.0,196608.0,262144069.0,524416.0,196608.0,262144069.0,524416.0,196608.0
1.0639335032353982e+17,335.03235357,0.005280000157654285,-1.33386406,0.002099999925121665,18.270597236038668,0.005039045657452106,17.373425947475273,0.0019365029430501897,17.03955031324769,0.001631150467456635,16.697258853027297,0.0024842767397774313,16.54733265620766,0.004305906864233856,4250.0,3.0,0.5,-36.04707,-36.868887,-37.256567,-37.445436,-37.563708,-37.761236,-37.965226,-37.583621,54.22196660119931,0.0015035310635576294,0.38887824767162826,15.601540552157655,0.0015035310635576294,14.898917847998035,0.0015035310635576294,14.809988203723174,0.0015035310635576294,2.67760768177451e+18,335.0323543276269,0.11778383,-1.3338634350263272,0.10724781,0.6236418411706929,0.14300327,6.2338266,5.2378954180257145,0.12932098,-3.380095775237102,0.13724665,0.94567287,503635968.0,60.0,73.0,5.0,262144069.0,524416.0,196608.0,262144069.0,524416.0,196608.0,262144069.0,524416.0,196608.0,262144069.0,524416.0,196608.0,262144069.0,524416.0,196608.0
1.0652334927770827e+17,334.92772302,0.01030999980866909,-1.22682296,0.010479999706149101,22.724958424086715,0.1187680833359458,21.409798092033178,0.04126109910150028,20.2457434790828,0.015757000445032282,19.656139589455798,0.018439206906534993,19.466144696088573,0.036932057949165244,3600.0,5.25,-3.7,-34.370028,-35.353768,-36.408712,-36.78025,-37.127324,-37.440923,-37.784489,-37.399731,56.70857325614941,0.026653780397598578,1.9784157175702868,18.408460207107748,0.026653780397598578,17.56626150294813,0.026653780397598578,17.480484858673265,0.026653780397598578,2.6776212538718904e+18,334.92771187995965,2.7460313,-1.2268273968757117,2.499401,nan,nan,nan,nan,nan,nan,nan,nan,436527104.0,52.0,59.0,5.0,195035141.0,655360.0,196608.0,195035141.0,524416.0,196608.0,262144069.0,524416.0,196608.0,262144005.0,524416.0,196608.0,262144005.0,524416.0,196608.0
1.064133522285896e+17,335.22296527,0.013279999606311321,-1.31741206,0.008750000037252903,20.781217367497852,0.024961102989326692,20.517557294205975,0.015129457710463893,20.39334620343964,0.015601347354891087,20.23733822850225,0.042820121817519916,20.322990364868563,0.08005604069906529,5812.5,0.0,1.0,-38.320767,-38.567952,-38.658815,-38.710333,-38.728503,-38.63264,-38.453871,-37.990152,59.04776389170286,0.01932655341981296,0.06412156727731758,19.555933842661194,0.01932655341981296,19.23607013850158,0.01932655341981296,19.229254494226716,0.01932655341981296,2.677609983876999e+18,335.22296252257485,1.2568703,-1.3174129536734303,1.0659063,0.16414826950260564,1.4113537,3.0883784,-3.020841872918036,2.2183897,-0.642335746653376,1.3875797,0.9684543,436527104.0,52.0,72.0,5.0,262144005.0,524416.0,196608.0,262144005.0,524416.0,196608.0,262144005.0,524416.0,196608.0,195035141.0,524416.0,196608.0,195035141.0,524416.0,196608.0
1.066933487258215e+17,334.87260345,0.008340000174939632,-1.09082111,0.031220000237226486,14.915839728238904,0.0006890653870756663,14.434486858947013,0.00038121686917708125,14.260200843741059,0.00032903154518174277,14.092876165943249,0.0005309313822455586,13.998335404395194,0.0008188911183131392,5250.0,2.0,1.0,-37.574549,-38.039084,-38.249966,-38.329808,-38.366011,-38.375559,-38.329892,-37.885283,52.45223140025308,0.00025929673835518424,0.13976406738792924,13.21748235121142,0.00025929673835518424,12.764516647051806,0.00025929673835518424,12.738591002776944,0.00025929673835518424,2.6776270306023316e+18,334.8726158034337,0.022449132,-1.0908231807574391,0.02497062,1.9739972341403664,0.025819762,28.006334,25.20917950645155,0.028473377,-12.200491401114645,0.028624939,0.99806124,503636096.0,60.0,84.0,5.0,262144069.0,524416.0,196608.0,262144069.0,524416.0,196608.0,263192581.0,524416.0,196608.0,263192581.0,524416.0,196608.0,263192581.0,524416.0,196608.0
1.0655335100426253e+17,335.10035559,0.01145000010728836,-1.20660373,0.011769999749958515,22.962526130037226,0.15384116982323343,21.31686074238065,0.029633487390040063,20.35146998484346,0.015350039056252625,19.85805915992442,0.026727124496840796,19.70576823933613,0.05424403278295506,3500.0,5.25,-3.7,-34.164146,-35.346176,-36.290487,-36.682091,-37.040059,-37.347268,-37.553649,-37.208996,56.74352865130439,0.03372691926810572,1.4416775526263368,18.537070602262727,0.03372691926810572,17.83205689810311,0.03372691926810572,17.70617525382825,0.03372691926810572,-999,-999,-999,-999,-999,-999,-999,-999,-999,-999,-999,-999,-999,436527104.0,52.0,65.0,10.0,195035141.0,655360.0,196608.0,262144005.0,524416.0,196608.0,262144069.0,524416.0,196608.0,262144069.0,524416.0,196608.0,195035141.0,655360.0,196608.0
1.0637334860726698e+17,334.86076396,0.013500000350177288,-1.35289579,0.01071999967098236,22.682133002620258,0.11772408265493524,21.39918206805928,0.04207809126023127,20.211435479671486,0.012716000933595022,19.55983823126931,0.024530155124062984,19.36904394437895,0.034152065387685074,3400.0,5.25,-3.9,-33.768109,-34.920906,-35.953811,-36.371386,-36.883879,-37.315431,-37.613851,-37.226192,56.22394474519986,0.02650231247378151,2.226004016729139,18.0493236961582,0.02650231247378151,17.252270991998586,0.02650231247378151,17.16939534772372,0.02650231247378151,-999,-999,-999,-999,-999,-999,-999,-999,-999,-999,-999,-999,-999,436527104.0,52.0,56.0,5.0,195035141.0,655360.0,196608.0,195035141.0,655488.0,196608.0,262144069.0,524416.0,196608.0,262144005.0,524416.0,196608.0,262144005.0,655488.0,196608.0
1.0646335108730491e+17,335.10872934,0.003019999945536256,-1.27964796,0.019700000062584877,19.73258600084595,0.009143259803248413,18.821321752176775,0.0040012172870237984,18.504048343529433,0.003157465515825468,18.366358298068,0.007361757526775412,18.2796320351186,0.014751259983023408,4750.0,0.0,-0.5,-36.773556,-37.619785,-37.887206,-37.993114,-38.13747,-38.215437,-38.205262,-37.770729,56.42301548594776,0.0039057581751106175,0.13512697133284404,17.348388436906095,0.0039057581751106175,16.859930732746484,0.0039057581751106175,16.823929088471616,0.0039057581751106175,2.677608368969323e+18,335.1087236130227,0.37083665,-1.2796475008914667,0.3964439,0.18379804224047547,0.39280573,7.142928,-2.839340861552939,0.3918442,-6.5543548226127015,0.47258613,1.0545475,436527104.0,52.0,87.0,5.0,262144069.0,524416.0,196608.0,262144069.0,524416.0,196608.0,262144069.0,524416.0,196608.0,262144069.0,524416.0,196608.0,262144069.0,524416.0,196608.0
1.0622335033613133e+17,335.03360762,0.00279999990016222,-1.48260139,0.0030400000978261232,18.785775711442607,0.004984903821856357,18.309477708661326,0.0029209828538562382,18.08414401696781,0.0027990038025498282,18.133883175541182,0.008465668473167758,18.078443262663118,0.015961245446071238,5625.0,1.0,-1.0,-38.03798,-38.515016,-38.647551,-38.664554,-38.707493,-38.635707,-38.4572,-38.00498,56.79286357505521,0.003834812788753501,0.05081902018171564,17.29796652601355,0.003834812788753501,16.97784082185393,0.003834812788753501,16.959526177579065,0.003834812788753501,2.6776010847046313e+18,335.03361064277254,0.19191456,-1.482602059765841,0.17952217,0.17686267912105863,0.23031966,4.865274,3.330247788622514,0.19689718,-3.5468774267896324,0.22540343,1.0204976,436527232.0,52.0,71.0,5.0,262144069.0,524416.0,196608.0,262144069.0,524416.0,196608.0,262144005.0,524416.0,196608.0,262144069.0,524416.0,196608.0,262144005.0,524416.0,196608.0
1.065533509610417e+17,335.09607924,0.008200000040233135,-1.2072821,0.008290000259876251,22.85861762584384,0.14227305625211562,21.6653005540591,0.039380260612224355,19.974631206434026,0.010554022558613773,19.289298712956107,0.014138246179680862,18.918314257443726,0.026573071574569083,3500.0,4.5,-3.5,-33.372833,-34.103476,-35.74306,-36.384571,-36.701568,-37.178393,-37.614478,-37.297854,55.80233407134737,0.03020584909670081,4.206874671073644,17.764751022305706,0.03020584909670081,16.830033318146093,0.03020584909670081,16.676122673871227,0.03020584909670081,2.6776154127165056e+18,335.09607297980085,4.3607674,-1.2072893149538315,9.155366,nan,nan,nan,nan,nan,nan,nan,nan,436527104.0,52.0,64.0,10.0,195035141.0,655360.0,196608.0,195035205.0,524416.0,196608.0,262144069.0,524416.0,196608.0,262144069.0,524416.0,196608.0,262144069.0,524416.0,196608.0
1.0635335055642243e+17,335.05564868,0.0035000001080334187,-1.37332972,0.0035699999425560236,18.271820230627547,0.004050362733821429,17.9039775536247,0.0022506909428230723,17.77255140312305,0.0022767733134686613,17.80195430534595,0.005615011139885616,17.69550871437496,0.010271382202950952,5812.5,0.0,-1.7,-38.303039,-38.695003,-38.774637,-38.78538,-38.838923,-38.704095,-38.471233,-38.013453,56.56855884141924,0.0025587839860112885,0.027649488263026524,17.005273792377576,0.0025587839860112885,16.739503088217965,0.0025587839860112885,16.7267484439431,0.0025587839860112885,2.677602974490325e+18,335.0556494476235,0.154258,-1.3733305232775257,0.14011778,0.19207220523823132,0.18892701,3.9734106,1.235966705231255,0.1599458,-3.776291620864743,0.17988531,0.930823,503635968.0,60.0,71.0,5.0,262144069.0,524416.0,196608.0,262144069.0,524416.0,196608.0,262144069.0,524416.0,196608.0,262144069.0,524416.0,196608.0,262144069.0,524416.0,196608.0
1.0646334809522618e+17,334.80953376,0.012959999963641167,-1.27851816,0.004530000034719706,20.830369095959835,0.028912311853680463,19.600610068440915,0.006866956507073762,18.850166561719092,0.004208252137620287,18.45706796493123,0.009060577224401551,18.27936100296356,0.014590239291623817,3600.0,5.25,-3.9,-35.051259,-36.089317,-36.781863,-36.949897,-37.401318,-37.628562,-37.949038,-37.48536,55.65824573880293,0.006915939261371482,0.7982737455492566,17.17049368976127,0.006915939261371482,16.351384985601655,0.006915939261371482,16.344528341326793,0.006915939261371482,2.677619879481677e+18,334.80953392830645,0.54450995,-1.2785168096231243,0.5016454,-0.2742539612816706,0.62772036,6.3751225,5.474800158555204,0.5719129,3.266304922906277,0.62567455,1.3431535,436527104.0,52.0,83.0,10.0,262144069.0,524416.0,0.0,262144069.0,524416.0,0.0,262144069.0,524416.0,0.0,262144005.0,524416.0,0.0,262144069.0,524416.0,0.0
1.0663335019672818e+17,335.0196548,0.005770000163465738,-1.13526439,0.003930000122636557,19.332346693014355,0.00998917728622977,18.10937492619143,0.0025748441205913474,17.470252844603756,0.0019189795791007206,17.197750646326906,0.0033106790556107026,17.039039812495776,0.0042938875059348345,3800.0,5.25,-3.7,-35.397698,-36.404124,-37.058686,-37.228045,-37.514694,-37.683869,-38.007623,-37.567673,54.550402384526436,0.0023621518448140527,0.5244964184617116,16.007343335484773,0.0023621518448140527,15.184956631325157,0.0023621518448140527,15.154371987050299,0.0023621518448140527,2.6776287099345275e+18,335.01965373077934,0.13858658,-1.1352665703915645,0.14804757,1.20652976810423,0.17639403,6.988928,0.43426214647349404,0.18661451,-6.975423325217225,0.20190018,1.0653678,503635968.0,60.0,68.0,5.0,262144005.0,524416.0,196608.0,262144069.0,524416.0,196608.0,262144069.0,524416.0,196608.0,262144069.0,524416.0,196608.0,262144069.0,524416.0,196608.0
1.0634334799295734e+17,334.79930961,0.005140000022947788,-1.37757696,0.0021800000686198473,17.29373817893291,0.0031228431451902055,16.78132191637315,0.001781743345388021,16.77217214005361,0.0012182177481777341,16.78305760776512,0.003313720641181367,16.58051272328228,0.004150951684362899,5750.0,0.0,-2.5,-38.18986,-38.694163,-38.788378,-38.776053,-38.863765,-38.713884,-38.450182,-37.994598,55.50460431328142,0.0013057098837640439,0.05488771052448914,15.931530264239758,0.0013057098837640439,15.696599560080145,0.0013057098837640439,15.681648915805278,0.0013057098837640439,2.67752436370403e+18,334.7993091383751,0.07355265,-1.3775781289571356,0.063862525,0.4014395026760267,0.084711246,6.9749556,-4.041713939827512,0.0781417,-5.684589187641703,0.083890915,0.94856906,503635968.0,60.0,59.0,10.0,262144069.0,524416.0,196608.0,262144069.0,524416.0,196608.0,262144069.0,524416.0,196608.0,262144005.0,524416.0,196608.0,262144069.0,524416.0,196608.0
1.0661334923398813e+17,334.9233861,0.007829999551177025,-1.15192672,0.004730000160634518,19.682225929060863,0.010010616796285043,19.421188633455653,0.0068108091898777855,19.329012595169967,0.006741124007141383,19.29153244306352,0.014966370733175036,19.3217847680961,0.033381114129929876,6125.0,2.0,1.0,-38.516074,-38.758559,-38.843246,-38.854625,-38.85436,-38.749116,-38.550675,-38.084982,58.17452167376922,0.00782389508319453,0.01031454363714611,18.56621562472756,0.00782389508319453,18.266023920567946,0.00782389508319453,18.261182276293084,0.00782389508319453,2.6776228687789937e+18,334.92338137298873,0.34493494,-1.1519310775270877,0.30307406,-0.02700228408564819,0.40856808,6.4049106,0.1404057564702614,0.3825748,-6.403371462769908,0.37998006,1.0112731,436527104.0,52.0,81.0,5.0,262144069.0,524416.0,196608.0,262144069.0,524416.0,196608.0,262144069.0,524416.0,196608.0,262144069.0,524416.0,196608.0,262144005.0,524416.0,196608.0
1.0625335090712222e+17,335.09071076,0.01907999999821186,-1.45677434,0.019179999828338623,22.612270000529254,0.15765649002036505,21.700554827231365,0.05903227693520493,20.660139187511476,0.027435028013237123,20.15886329629294,0.03589208930484568,19.994055026809242,0.06655502636829194,3700.0,5.25,-3.7,-34.932512,-35.916079,-36.765533,-37.017915,-37.335581,-37.564293,-37.896877,-37.481317,57.41870046767485,0.03731534426336402,1.8500243095299163,18.995217418633192,0.03731534426336402,18.164000714473573,0.03731534426336402,18.109026070198716,0.03731534426336402,-999,-999,-999,-999,-999,-999,-999,-999,-999,-999,-999,-999,-999,436527104.0,52.0,36.0,5.0,195035141.0,655360.0,196608.0,195035141.0,524288.0,196608.0,262144069.0,524416.0,196608.0,262144005.0,655488.0,196608.0,195035141.0,655360.0,196608.0
1.0677335058717549e+17,335.05872309,0.008320000022649765,-1.02083625,0.005400000140070915,20.83071015672821,0.025688279915178934,19.924466101173252,0.009697765853944463,19.528618501963457,0.007118791942756395,19.316169421642112,0.017358303862897797,19.296644714809368,0.03431310410237958,4562.5,0.75,0.3,-36.509391,-37.313469,-37.661974,-37.813195,-37.907873,-38.032,-38.137072,-37.710834,57.220502179263285,0.009556801582998783,0.23396396261863917,18.329312130221627,0.009556801582998783,17.725607426062005,0.009556801582998783,17.681310781787147,0.009556801582998783,2.677634207492727e+18,335.05872234154197,0.5840717,-1.020839203335716,0.48554325,0.37987771770064754,0.60619545,7.2101607,5.133197157194361,0.73465663,-5.063269928229894,0.5845017,1.0488056,436527104.0,52.0,79.0,5.0,262144005.0,524416.0,196608.0,262144069.0,524416.0,196608.0,262144069.0,524416.0,196608.0,262144069.0,524416.0,196608.0,262144005.0,524416.0,196608.0
1.0643335110305853e+17,335.1103306,0.0035099999513477087,-1.30160593,0.0035500000230968,21.028947176554663,0.027858405787588997,19.90569416962563,0.008775772896855756,18.753349750098614,0.0037634242493273257,18.236911125557864,0.005918885746116499,17.93401132599898,0.009535367555975949,3600.0,5.25,-3.7,-34.370028,-35.353768,-36.408712,-36.78025,-37.127324,-37.440923,-37.784489,-37.399731,55.17979910956715,0.006303093741796087,1.9864259558815307,16.87968606052549,0.006303093741796087,16.037487356365872,0.006303093741796087,15.951710712091009,0.006303093741796087,2.6776052422334525e+18,335.11032436801605,0.39351037,-1.3016279725334383,0.3909214,0.8196024242149567,0.48194152,25.83377,-2.22772482500356,0.48160717,-25.73753902915761,0.53549856,1.0415081,503635968.0,60.0,90.0,5.0,262144069.0,524416.0,196608.0,262144069.0,524416.0,196608.0,262144069.0,524416.0,196608.0,262144069.0,524416.0,196608.0,262144069.0,524416.0,196608.0
1.0634334962208421e+17,334.9621935,0.009999999776482582,-1.38020953,0.005270000081509352,16.29370086026131,0.0010934665766639876,15.951897630490238,0.000748271886250171,15.835012675053752,0.0006295960616407084,15.78824795994808,0.001321349950419256,15.7636018106328,0.002018976063552088,5750.0,0.5,0.2,-38.239003,-38.547844,-38.650435,-38.685861,-38.711325,-38.634843,-38.476082,-38.007192,54.49338578727724,0.000564772563339842,0.019411398017334113,14.999352738235583,0.000564772563339842,14.659481034075966,0.000564772563339842,14.6578363898011,0.000564772563339842,2.6776056932047227e+18,334.96219601515276,0.051058512,-1.3802175098124077,0.046507407,0.3572178087067165,0.061925378,20.011326,-0.7772144720745628,0.052026335,-19.99622807756649,0.060351774,0.9939201,503635968.0,60.0,87.0,5.0,262144069.0,524416.0,196608.0,262144069.0,524416.0,196608.0,262144069.0,524416.0,196608.0,262144069.0,524416.0,196608.0,262144069.0,524416.0,196608.0
1.0627334951908619e+17,334.95188148,0.011060000397264957,-1.43692301,0.00812000036239624,21.170181570429236,0.034645083951651875,20.212137920227885,0.015051333241834497,19.781501215194222,0.010475437393547154,19.597681801977938,0.019808258537982404,19.4260596627554,0.03664409311579792,4375.0,1.0,-0.1,-36.156569,-37.070135,-37.411017,-37.583466,-37.738502,-37.919453,-38.080224,-37.660026,57.22945023411693,0.011439783091556775,0.2994493838370058,18.450807185075274,0.011439783091556775,17.791403480915655,0.011439783091556775,17.74106683664079,0.011439783091556775,2.6775085882891597e+18,334.95188612939006,0.99980676,-1.4369268910111028,0.740326,0.0013439524232694844,1.2121668,20.91217,12.398204508495095,0.8061129,-16.840528998678717,0.95826447,1.1295451,436527104.0,52.0,74.0,5.0,262144005.0,524416.0,196608.0,262144069.0,524416.0,196608.0,262144069.0,524416.0,196608.0,262144069.0,524416.0,196608.0,262144005.0,524416.0,196608.0
1.0661335023236368e+17,335.02326373,0.005059999879449606,-1.15567599,0.00622999994084239,19.488711602243523,0.011151615015421624,18.79199907414749,0.003970072658810408,18.473643497039937,0.0037679982941962956,18.293527763941185,0.008875624957584972,18.224296059217902,0.011948317607126604,4700.0,4.0,-1.6,-36.731819,-37.36648,-37.651371,-37.783224,-37.868712,-37.982182,-38.075466,-37.651744,56.13475679931801,0.0038774054084759002,0.1707461226521781,17.29338475027635,0.0038774054084759002,16.701468046116737,0.0038774054084759002,16.65465540184187,0.0038774054084759002,2.677627782221578e+18,335.023273386942,0.2336051,-1.1556782994000245,0.22519599,0.3034026764290945,0.28177214,34.850895,34.54310366531962,0.2746131,-4.621559881728724,0.28256005,0.866035,436527104.0,52.0,74.0,5.0,262144069.0,524416.0,196608.0,262144069.0,524416.0,196608.0,262144069.0,524416.0,196608.0,262144069.0,524416.0,196608.0,262144069.0,524416.0,196608.0
1.0665334831632045e+17,334.83162483,0.0029200001154094934,-1.12504563,0.00865000020712614,16.9496479051329,0.001677707054692043,16.247898691810516,0.0008910628333759479,15.883792936347787,0.0007598162765720198,15.75393568448275,0.0011459997225760372,15.688905237828346,0.002173825693419147,4700.0,4.0,-1.6,-36.731819,-37.36648,-37.651371,-37.783224,-37.868712,-37.982182,-38.075466,-37.651744,53.58515729112046,0.0006395263315312289,0.17988955677147728,14.743785242078797,0.0006395263315312289,14.151868537919185,0.0006395263315312289,14.105055893644321,0.0006395263315312289,2.677626583925756e+18,334.83161600999546,0.05040088,-1.1250605098954385,0.048583206,0.9628751589898974,0.05924109,36.04735,-18.114079554158806,0.061896417,-31.165554228379552,0.060213026,0.9231289,503635968.0,60.0,89.0,5.0,262144069.0,524416.0,196608.0,262144069.0,524416.0,196608.0,262144069.0,524416.0,196608.0,262144069.0,524416.0,196608.0,262144069.0,524416.0,196608.0
1.064633500422684e+17,335.00419901,0.002420000033453107,-1.27672501,0.0031399999279528856,15.763161356041646,0.0009375605361421722,15.30991900422938,0.0005422162280960626,15.142167742977355,0.00048319507227596864,15.092471572354274,0.0011609540830582398,15.04583014042672,0.001549576150571938,5500.0,0.0,0.2,-37.940638,-38.35489,-38.502015,-38.554572,-38.590867,-38.544273,-38.413695,-37.956119,53.659306363205886,0.000454114360231193,0.03710149857873017,14.255843314164228,0.000454114360231193,13.887788610004613,0.000454114360231193,13.874829965729747,0.000454114360231193,2.6776088886604943e+18,335.00418935693557,0.035885464,-1.2767322767781262,0.03651102,0.7723187517113768,0.04277248,24.50143,-18.853082392514626,0.04700911,-15.648685874132656,0.04802805,0.95827466,503635968.0,60.0,80.0,5.0,262144069.0,524416.0,196608.0,262144069.0,524416.0,196608.0,262144069.0,524416.0,196608.0,262144069.0,524416.0,196608.0,262144069.0,524416.0,196608.0
1.0655334852156288e+17,334.85216067,0.01534000039100647,-1.20630007,0.01573999971151352,21.961202661076328,0.06507108151132264,21.187851916629693,0.02806501371428138,20.818067033625518,0.021102087800242364,20.60694654035841,0.045911099429976884,20.49851822529227,0.10491602652957846,4500.0,3.5,-1.6,-36.431626,-37.142364,-37.466651,-37.622886,-37.7267,-37.884095,-38.04808,-37.633453,58.292562675396454,0.027263448371025678,0.24809499883790662,19.54927762635479,0.027263448371025678,18.88665992219518,0.027263448371025678,18.83075227792031,0.027263448371025678,-999,-999,-999,-999,-999,-999,-999,-999,-999,-999,-999,-999,-999,436527104.0,52.0,53.0,10.0,195035141.0,655360.0,196608.0,262144005.0,524416.0,196608.0,262160391.0,524416.0,196608.0,195035141.0,524416.0,196608.0,195035141.0,655360.0,196608.0
1.0642334768795318e+17,334.76879841,0.016930000856518745,-1.3143374,0.014770000241696835,20.607866848795062,0.02292151677142353,19.446887773634757,0.006515259194954274,18.74005849386508,0.004458336658355114,18.461350868732772,0.00841963273353465,18.270140865313042,0.014268251396978663,3700.0,5.25,-3.8,-35.321296,-36.317193,-36.986985,-37.128968,-37.499213,-37.672445,-37.998751,-37.539705,55.75599197006814,0.005872629777312073,0.5959850612497042,17.224356921026473,0.005872629777312073,16.399418216866863,0.005872629777312073,16.387929572592,0.005872629777312073,2.677525871237593e+18,334.7687958235026,0.4101944,-1.3143404173560018,0.3266185,0.17759955913504152,0.49216688,7.5478826,-0.2826765050160585,0.40081838,-7.542587649060846,0.41155016,0.91323423,436527104.0,52.0,78.0,5.0,262144069.0,524416.0,196608.0,262144069.0,524416.0,196608.0,262144069.0,524416.0,196608.0,262144069.0,524416.0,196608.0,262144069.0,524416.0,196608.0
1.064133486557315e+17,334.86566912,0.04329000040888786,-1.32411749,0.05488000065088272,22.8338818117278,0.1404257583274093,22.193186296802388,0.08815813160398514,21.42122406030891,0.04955100637854806,21.426285198311437,0.11209602719263856,20.789364055639382,0.12288601697915556,3700.0,5.25,-3.9,-35.71008,-36.718308,-37.208436,-37.24002,-37.662846,-37.780598,-38.100624,-37.598092,58.640726284557985,0.04800543489407611,1.3707568018474086,20.000938235516326,0.04800543489407611,19.182279531356706,0.04800543489407611,19.214276887081844,0.04800543489407611,-999,-999,-999,-999,-999,-999,-999,-999,-999,-999,-999,-999,-999,436527104.0,52.0,12.0,5.0,35651585.0,0.0,196608.0,35651585.0,0.0,196608.0,35651585.0,0.0,196608.0,35653633.0,0.0,196608.0,35651585.0,0.0,196608.0
1.0625334874476219e+17,334.87447581,0.0037299999967217445,-1.45691176,0.0020099999383091927,20.260078145357838,0.01459729390450801,18.989206796099356,0.005071119155903566,18.13011018760755,0.0029993250904638276,17.844390126326974,0.00547599913846527,17.580585401083447,0.0072815116681750605,3600.0,5.25,-3.9,-35.051259,-36.089317,-36.781863,-36.949897,-37.401318,-37.628562,-37.949038,-37.48536,55.01560493129504,0.003637582540998824,0.888116386688126,16.527852882253374,0.003637582540998824,15.70874417809376,0.003637582540998824,15.7018875338189,0.003637582540998824,2.6775111309097907e+18,334.87447451217975,0.2483898,-1.456912610849224,0.22158195,1.3082126140169974,0.28716013,4.916519,-3.861115394145886,0.27492103,-3.0436734583056775,0.27505177,1.0730295,503635968.0,60.0,85.0,5.0,262144069.0,524416.0,196608.0,262144069.0,524416.0,196608.0,262144005.0,524416.0,196608.0,262144069.0,524416.0,196608.0,262144069.0,524416.0,196608.0
1.0655334957112203e+17,334.9571204,0.0023900000378489494,-1.20704148,0.0032099999953061342,17.257133509525968,0.0020958899249929066,16.74354589166328,0.0011321382967340626,16.62228065002953,0.001016790251711755,16.53577286763083,0.0020667674656981816,16.458831643454328,0.0034511493246012883,5500.0,0.0,-0.5,-37.922544,-38.417215,-38.556079,-38.584447,-38.645742,-38.580574,-38.413562,-37.958983,55.148718312460794,0.0009568764504273086,0.04217732964405189,15.708954263419134,0.0009568764504273086,15.377333559259519,0.0009568764504273086,15.361377914984653,0.0009568764504273086,2.6776213956052296e+18,334.9571240990158,0.070358716,-1.2070403883738425,0.06808125,0.4859268438534512,0.08137462,12.136545,11.866657242283537,0.08342137,2.545227869316572,0.08322131,1.0037993,503635968.0,60.0,89.0,10.0,262144069.0,524416.0,196608.0,262144069.0,524416.0,196608.0,262144069.0,524416.0,196608.0,262144069.0,524416.0,196608.0,262144069.0,524416.0,196608.0
1.0676334945793328e+17,334.94577771,0.009639999829232693,-1.03091332,0.01056000031530857,21.679980079067835,0.05614603206547148,20.183876957284177,0.01341010030777668,19.262084198250825,0.007039371687908261,18.844731252770426,0.012004397578277353,18.689833845144825,0.01838316644258975,3500.0,5.25,-3.8,-34.337726,-35.495704,-36.362655,-36.694183,-37.110089,-37.41685,-37.655807,-37.27262,55.73217266650362,0.012431905453944568,1.1998475271056903,17.456132617461964,0.012431905453944568,16.718542913302343,0.012431905453944568,16.63119526902748,0.012431905453944568,2.677633520298499e+18,334.94577479427704,0.46378812,-1.030924057102225,0.47641116,0.3536564001424718,0.5687966,11.439659,-5.906596070913412,0.70251524,-9.796831937023796,0.67521846,0.97637826,436527104.0,52.0,21.0,5.0,195035141.0,655360.0,196608.0,262144005.0,524416.0,196608.0,262144005.0,524416.0,196608.0,262144069.0,524416.0,196608.0,262144069.0,524416.0,196608.0
1.0632335183862686e+17,335.18395373,0.008299999870359898,-1.39464293,0.008460000157356262,22.008346250472083,0.07133100212271207,20.70569432510298,0.01943400690700895,19.73324772565855,0.010773143617107865,19.390410656621626,0.0173422603241765,19.1979100907207,0.035553080468994004,3600.0,5.25,-3.8,-34.710644,-35.721542,-36.595287,-36.865073,-37.264321,-37.534743,-37.866763,-37.442545,56.43849520971519,0.016907546996147167,1.1354466175175117,18.044562160673532,0.016907546996147167,17.213909456513917,0.016907546996147167,17.16759281223905,0.016907546996147167,2.6775564556997396e+18,335.1839508494107,1.431718,-1.3946425386920007,1.2382315,-1.6311048127800527,1.8961356,4.8651767,2.292915926030149,2.0754726,-4.290976640263959,2.419248,1.1308007,436527104.0,52.0,56.0,10.0,195035141.0,655360.0,0.0,262144069.0,524416.0,0.0,262144005.0,524416.0,0.0,262144069.0,524416.0,0.0,262144005.0,524416.0,0.0
1.0641334945684384e+17,334.94568317,0.002259999979287386,-1.32217672,0.004129999782890081,17.17074487968533,0.00207004156707568,16.309957541138473,0.0012783400277795699,15.974118264142067,0.0009750919043975333,15.87255447603218,0.0016973655781315363,15.788627398712078,0.00235667967924012,4812.5,0.0,-0.2,-36.884747,-37.685431,-37.953336,-38.05212,-38.171827,-38.239817,-38.228879,-37.789043,53.97269271194204,0.0007824325799565184,0.13624581116938966,14.873685662900375,0.0007824325799565184,14.385990958740763,0.0007824325799565184,14.3552923144659,0.0007824325799565184,2.6776072007381847e+18,334.94568392580095,0.07196881,-1.3221758436639017,0.06454191,1.2307570407870285,0.08233522,2.0246341,2.0143783302153286,0.07593262,-0.20352719682116668,0.078866266,1.1697044,503635968.0,60.0,64.0,5.0,262144069.0,524416.0,196608.0,262144069.0,524416.0,196608.0,262144069.0,524416.0,196608.0,262144069.0,524416.0,196608.0,262144069.0,524416.0,196608.0
1.0665335159518523e+17,335.15953766,0.0036200000904500484,-1.12099758,0.0036800000816583633,21.36007679400376,0.0387542246853336,20.187597610579296,0.011071375689251154,18.729889094705218,0.0038590811522363345,18.02016176835716,0.005485921747744541,17.718770072214372,0.008424394974839223,3500.0,3.25,-3.0,-33.677217,-34.602317,-35.952519,-36.488743,-36.782246,-37.192955,-37.549409,-37.234588,54.70390746797196,0.008343676805983991,3.3982638312268576,16.6517624189303,0.008343676805983991,15.796675714770686,0.008343676805983991,15.640962070495819,0.008343676805983991,2.6776178909119073e+18,335.1595448512011,0.36083573,-1.1210064129929422,0.3699118,1.2423920748760562,0.4385746,15.959336,10.994057890139079,0.45032802,-11.568540037676486,0.46476898,0.999386,503635968.0,60.0,84.0,5.0,262144005.0,524416.0,196608.0,262144069.0,524416.0,196608.0,262144069.0,524416.0,196608.0,262144069.0,524416.0,196608.0,262144069.0,524416.0,196608.0
1.0662334906502875e+17,334.90649958,0.007960000075399876,-1.14312188,0.016100000590085983,16.695909531484507,0.0014223035542968731,16.315373818107048,0.0011907135481083345,16.198449182777683,0.0008605434513165792,16.152852786856645,0.0015257603649768703,16.09240858479181,0.002725460700623931,5687.5,0.0,0.0,-38.170444,-38.547241,-38.652706,-38.686257,-38.725588,-38.632883,-38.449025,-37.989387,54.84744598080354,0.0007466555272091127,0.0252482543153807,15.355372931761881,0.0007466555272091127,15.040598227602267,0.0007466555272091127,15.029701583327403,0.0007466555272091127,2.677625823716499e+18,334.906497135399,0.053219475,-1.1431231414705831,0.050827395,0.461342445503083,0.061026987,10.150131,-6.863457493279659,0.06297999,-7.4778419018574125,0.06566596,0.986423,503636096.0,60.0,81.0,5.0,262144069.0,524416.0,196608.0,262144069.0,524416.0,196608.0,262144069.0,524416.0,196608.0,262144069.0,524416.0,196608.0,262144069.0,524416.0,196608.0
1.0640335191677875e+17,335.19170718,0.006750000175088644,-1.32641833,0.003060000017285347,16.16851410862313,0.0010778113607920884,15.691438359402644,0.0006689267372389402,15.53737720069048,0.0005779025989734826,15.434673316632209,0.0010106913112127227,15.39943140859859,0.0015046510906507862,5437.5,0.0,0.2,-37.851637,-38.297828,-38.460022,-38.516723,-38.555396,-38.517522,-38.39562,-37.942121,53.98260807878942,0.0004573219240011756,0.04771327702706818,14.605896029747758,0.0004573219240011756,14.229165325588141,0.0004573219240011756,14.21212968131328,0.0004573219240011756,2.677604078297071e+18,335.1917066217626,0.042388316,-1.3264221590020688,0.037944403,0.7274920904961378,0.0487146,6.173849,1.6974069231009794,0.04833848,-5.935926571363867,0.044052735,1.0512693,503635968.0,60.0,95.0,10.0,262144069.0,524416.0,0.0,262144069.0,524416.0,0.0,262144069.0,524416.0,0.0,262144069.0,524416.0,0.0,262144069.0,524416.0,0.0
1.0638334877264003e+17,334.87726172,0.023479999974370003,-1.3503768,0.02377999946475029,19.668088601662078,0.009424981705210733,19.067339378708024,0.005682231343779596,18.884722915130332,0.004945559163518954,18.853995385303907,0.013243420443548037,18.758756881884196,0.021056181622753984,5437.5,0.0,-2.1,-37.804461,-38.392809,-38.538439,-38.556395,-38.650484,-38.577297,-38.388377,-37.932812,57.43509823253771,0.005529294921425854,0.03625142284937691,17.99861118349605,0.005529294921425854,17.688898479336437,0.005529294921425854,17.673928835061574,0.005529294921425854,2.677606857140776e+18,334.87726699902987,0.31476375,-1.350376422028528,0.257144,-0.12693758854065337,0.37472144,7.175571,0.7143019268073576,0.30458018,-7.139929324292402,0.32386518,1.0142943,436527104.0,52.0,63.0,5.0,262144069.0,524416.0,196608.0,262144069.0,524416.0,196608.0,262144069.0,524416.0,196608.0,262144069.0,524416.0,196608.0,262144069.0,524416.0,196608.0
1.0648335177289456e+17,335.17735803,0.0029899999499320984,-1.26329575,0.0024999999441206455,18.783482439402412,0.004848014784286785,18.358950033876198,0.002815181145433951,18.196834857547994,0.0030967183007204694,18.174666662093173,0.006047935544617003,18.01672485267944,0.014827263537041684,5562.5,0.0,-0.2,-38.008435,-38.456214,-38.584496,-38.616839,-38.667862,-38.595202,-38.427428,-37.970863,56.77290096911985,0.0034493096399889345,0.0856304615277783,17.31850892007819,0.0034493096399889345,16.987650215918578,0.0034493096399889345,16.973680571643712,0.0034493096399889345,2.6776111864678784e+18,335.17735560155626,0.16954616,-1.2632982286372323,0.15991369,0.2012436241917671,0.19919655,9.483561,-6.044162457583081,0.19617157,-7.307942314250531,0.19279423,0.9603375,436527232.0,52.0,80.0,5.0,262144069.0,524416.0,196608.0,262144069.0,524416.0,196608.0,262144069.0,524416.0,196608.0,262144069.0,524416.0,196608.0,262144005.0,524416.0,196608.0
1.0654335174132266e+17,335.17419893,0.0014700000174343586,-1.21481821,0.002099999925121665,17.352410442433634,0.0018242864857615085,16.129333779986098,0.0007073284070379121,15.360178292738777,0.0004777210244595161,14.95776970233454,0.0008656104194244214,14.808262238916527,0.001280089698009176,3600.0,5.25,-3.9,-35.051259,-36.089317,-36.781863,-36.949897,-37.401318,-37.628562,-37.949038,-37.48536,52.17632169128192,0.0005077189406713467,0.8500420601379904,13.688569642240257,0.0005077189406713467,12.869460938080643,0.0005077189406713467,12.862604293805783,0.0005077189406713467,2.677614867254926e+18,335.1742205820744,0.041846134,-1.2148166744791669,0.04507927,3.0775183209730512,0.04688401,44.800835,44.763792223885645,0.05119406,1.8214910929542578,0.0513338,1.032506,503635968.0,60.0,92.0,10.0,262144069.0,524416.0,196608.0,262144069.0,524416.0,196608.0,262144069.0,524416.0,196608.0,262144069.0,524416.0,196608.0,262144069.0,524416.0,196608.0
1.0648335045277024e+17,335.0452584,0.007550000213086605,-1.26685805,0.0075599998235702515,21.660840922232396,0.050522016206492076,20.73148094475734,0.022954090988564248,19.745105382211865,0.00969131794277654,19.195957869195954,0.013279366455873692,19.008649599525896,0.027672113877875062,3700.0,5.25,-3.7,-34.932512,-35.916079,-36.765533,-37.017915,-37.335581,-37.564293,-37.896877,-37.481317,56.46193094358469,0.012830235411850847,1.839872641209373,18.03844789454303,0.012830235411850847,17.20723119038341,0.012830235411850847,17.152256546108553,0.012830235411850847,2.6776085751280865e+18,335.04526521463447,1.0656799,-1.2668643244383926,1.3192817,nan,nan,nan,nan,nan,nan,nan,nan,436527104.0,52.0,68.0,5.0,195035141.0,655360.0,196608.0,262144069.0,524416.0,196608.0,262144069.0,524416.0,196608.0,262144069.0,524416.0,196608.0,262144069.0,524416.0,196608.0
1.065033505713085e+17,335.05698712,0.017869999632239342,-1.24326923,0.0182499997317791,22.726598455015722,0.12948627036478155,21.526784140587335,0.03720018375183855,20.708902210552473,0.024169001562048213,20.266674219718144,0.039002094704447036,20.202266617315786,0.06972303176143219,3700.0,5.25,-3.7,-34.932512,-35.916079,-36.765533,-37.017915,-37.335581,-37.564293,-37.896877,-37.481317,57.4797691286379,0.03169678410817002,1.0191117727042223,19.056286079596237,0.03169678410817002,18.225069375436618,0.03169678410817002,18.17009473116176,0.03169678410817002,-999,-999,-999,-999,-999,-999,-999,-999,-999,-999,-999,-999,-999,436527104.0,52.0,38.0,5.0,195035141.0,655360.0,196608.0,262144005.0,655488.0,196608.0,262144069.0,524416.0,196608.0,195035141.0,655488.0,196608.0,195035141.0,655360.0,196608.0
1.0623335050720616e+17,335.05062791,0.018290000036358833,-1.47029134,0.018869999796152115,22.843429851196518,0.16625950690070235,21.610101657770354,0.04273746349994549,20.81671036855642,0.025071048044736546,20.481374316770847,0.04549006962162464,20.267468955580608,0.09124801579848373,3600.0,5.25,-3.9,-35.051259,-36.089317,-36.781863,-36.949897,-37.401318,-37.628562,-37.949038,-37.48536,57.65854782997496,0.040245655016498835,0.7918283057005095,19.170795780933293,0.040245655016498835,18.35168707677368,0.040245655016498835,18.344830432498817,0.040245655016498835,-999,-999,-999,-999,-999,-999,-999,-999,-999,-999,-999,-999,-999,436527104.0,52.0,43.0,5.0,195035141.0,655360.0,196608.0,195035141.0,655488.0,196608.0,262144069.0,524416.0,196608.0,195035141.0,655488.0,196608.0,195035141.0,655360.0,196608.0
1.0671335003252896e+17,335.00329524,0.015080000273883343,-1.06793437,0.0101500004529953,20.55158670086284,0.022028166408505283,20.293347272472314,0.013846545197893644,20.16913982499361,0.01583935835613126,20.19663653280805,0.03321415843313272,20.0699891860386,0.06120205889511073,5812.5,0.5,0.4,-38.303114,-38.569159,-38.664504,-38.703365,-38.723473,-38.642421,-38.481063,-38.010347,58.84886290343509,0.015200953306676396,0.04879632433752297,19.34725185439343,0.015200953306676396,19.009977150233816,0.015200953306676396,19.010158505958948,0.015200953306676396,2.6776324551460475e+18,335.0032891900635,0.76529646,-1.06793850891478,0.66145617,-0.2272421804752584,0.9058388,1.4276414,-0.9145484224393241,1.1404129,-1.0962485909799988,0.9019452,1.0778004,436527104.0,52.0,62.0,5.0,262144069.0,524416.0,196608.0,262144069.0,524416.0,196608.0,262144069.0,524416.0,196608.0,262144069.0,524416.0,196608.0,195035141.0,524416.0,196608.0
1.0669335078915848e+17,335.07892601,0.009469999931752682,-1.08500293,0.009990000165998936,20.175868879513786,0.01761378293398406,19.21927073523881,0.005445808529811826,18.670012301891877,0.004931342363096757,18.554598386624246,0.008115668346120196,18.350380698301258,0.014519253953576663,3800.0,5.25,-3.8,-35.867083,-36.863333,-37.336236,-37.374505,-37.714677,-37.807618,-38.129643,-37.640044,56.025193000314,0.005063173413437944,0.36440884009258817,17.35838495127234,0.005063173413437944,16.53772724711272,0.005063173413437944,16.556791602837855,0.005063173413437944,2.6776292940501084e+18,335.07892497103876,0.29407525,-1.0850028541040189,0.3091578,0.8850371013560799,0.33904183,6.732634,-6.268826345794951,0.38881218,-2.4556424314970675,0.3694815,1.0789245,436527104.0,52.0,72.0,5.0,262144069.0,524416.0,196608.0,262144069.0,524416.0,196608.0,262144005.0,524416.0,196608.0,262144069.0,524416.0,196608.0,262144069.0,524416.0,196608.0
1.0640335196668478e+17,335.19670186,0.010730000212788582,-1.32973509,0.006659999955445528,20.373139115981157,0.017943470008395777,19.99113438006455,0.009677964006135362,19.7945273066463,0.01068260011112236,19.64536481181587,0.01910528278052991,19.598222589990844,0.03662709807989169,5437.5,1.5,1.0,-37.808339,-38.219078,-38.3984,-38.461235,-38.488101,-38.470901,-38.385366,-37.936377,58.15550824089975,0.009457917724866123,0.1290038869804877,18.82541719185809,0.009457917724866123,18.412319487698475,0.009457917724866123,18.39077384342361,0.009457917724866123,2.6776040740019845e+18,335.1967032916681,0.630774,-1.3297350268824588,0.5322799,0.715485457171114,0.7201293,2.2878115,-1.1020482507557154,0.6575251,-2.0048867243260373,0.64374584,1.0031285,436527104.0,52.0,87.0,10.0,262144005.0,524416.0,0.0,262144069.0,524416.0,0.0,262144069.0,524416.0,0.0,262144005.0,524416.0,0.0,262144069.0,524416.0,0.0
1.0669335147073296e+17,335.14705374,0.006500000134110451,-1.08956904,0.007139999885112047,21.27333775061728,0.035557156167335506,20.12963658945313,0.009996490738983033,19.330429899417922,0.006419705423909975,19.03646167815824,0.013303383959678443,18.804653741193874,0.020990160384867944,3600.0,5.25,-3.9,-35.051259,-36.089317,-36.781863,-36.949897,-37.401318,-37.628562,-37.949038,-37.48536,56.16963473176809,0.00899560038528557,0.7787454011069563,17.681882682726428,0.00899560038528557,16.862773978566814,0.00899560038528557,16.855917334291952,0.00899560038528557,2.677629809446459e+18,335.14705529886,0.51256436,-1.0895699249518245,0.53495586,-0.22021057467987648,0.6090271,4.2113996,2.4949678644061177,0.69053715,-3.3927898320718457,0.6659071,1.0525979,436527104.0,52.0,81.0,5.0,262144005.0,524416.0,196608.0,262144069.0,524416.0,196608.0,262144069.0,524416.0,196608.0,262144069.0,524416.0,196608.0,262144069.0,524416.0,196608.0
1.0675335061409552e+17,335.06141359,0.012280000373721123,-1.03742609,0.012550000101327896,22.519627254259404,0.10069707913659517,21.43635847738329,0.03655803346506893,20.313382065701102,0.017190015360523746,19.793200298002706,0.02627815515551282,19.463698868819336,0.03465206800639814,3600.0,5.25,-3.7,-34.370028,-35.353768,-36.408712,-36.78025,-37.127324,-37.440923,-37.784489,-37.399731,56.713269792833174,0.023377934417794146,2.018771533596179,18.413156743791514,0.023377934417794146,17.570958039631897,0.023377934417794146,17.48518139535703,0.023377934417794146,-999,-999,-999,-999,-999,-999,-999,-999,-999,-999,-999,-999,-999,436527104.0,52.0,54.0,5.0,195035141.0,655360.0,196608.0,262144069.0,524416.0,196608.0,262144069.0,524416.0,196608.0,262144069.0,655488.0,196608.0,262144069.0,524416.0,196608.0
1.0642334982016787e+17,334.98200951,0.0035600000992417336,-1.31050234,0.004819999914616346,21.290554011951063,0.03580429781639374,20.031807054807327,0.011424416854133571,18.554689627978732,0.003912139684503437,17.795176689667795,0.004963028298032385,17.47288883590839,0.006772497945827004,3300.0,5.25,-3.9,-33.035076,-34.214688,-35.464228,-36.030176,-36.589533,-37.154195,-37.47454,-37.122412,54.09576344406267,0.007741494062017736,3.5431323696792676,16.082378395021006,0.007741494062017736,15.263400690861396,0.007741494062017736,15.144994046586534,0.007741494062017736,2.677607303817751e+18,334.98200488206146,0.46758857,-1.3105142815482815,0.42153504,1.285904728821467,0.54331005,10.107442,-4.040031435885382,0.5236009,-9.264908883376867,0.5451816,1.0879006,503635968.0,60.0,77.0,5.0,262160391.0,524416.0,196608.0,262144005.0,524416.0,196608.0,262144005.0,524416.0,196608.0,262144005.0,524416.0,196608.0,262144069.0,524416.0,196608.0
1.0643334865456917e+17,334.86546118,0.002520000096410513,-1.3010842,0.003289999905973673,17.687188556901685,0.0022984681702786446,17.04620032957446,0.001401252403561367,16.822799997879926,0.0012222427370314193,16.732205714358365,0.002315466062643944,16.676170983110108,0.003811038422835127,5187.5,1.0,-0.2,-37.488254,-38.089181,-38.288422,-38.347756,-38.414717,-38.423123,-38.348243,-37.896176,55.11857911636491,0.0010700605307005417,0.06777165270236142,15.836266067323255,0.0010700605307005417,15.41251336316364,0.0010700605307005417,15.394045718888778,0.0010700605307005417,2.677619089207682e+18,334.86546019095545,0.08964098,-1.301087062352303,0.07623806,0.7135879190515362,0.10288129,9.315821,-1.5303492936171164,0.09513624,-9.189262499051397,0.09740982,0.9216206,503635968.0,60.0,85.0,5.0,262144069.0,524416.0,196608.0,262144069.0,524416.0,196608.0,262144069.0,524416.0,196608.0,262144069.0,524416.0,196608.0,262144069.0,524416.0,196608.0
1.0631335122456341e+17,335.12246615,0.00675999978557229,-1.40579334,0.00430000014603138,20.24677228870069,0.015213738941468973,19.8110474078627,0.009568085329520654,19.661833379249387,0.00872078360202772,19.681866656403162,0.027866195954428047,19.581324553827223,0.0415430887229519,5687.5,0.0,-1.7,-38.149287,-38.595423,-38.697758,-38.711142,-38.772748,-38.661615,-38.447966,-37.99128,58.38184045720864,0.010772949964980232,0.026897581800936855,18.86103540816698,0.010772949964980232,18.576051704007362,0.010772949964980232,18.562203059732497,0.010772949964980232,2.6776032837279437e+18,335.122468847116,0.5610362,-1.4057939393147703,0.4734806,0.4626354337228889,0.6636876,7.3948197,1.7780204663547705,0.5840484,-7.17788260645139,0.5961524,1.0027084,436527104.0,52.0,73.0,5.0,262144069.0,524416.0,196608.0,262144069.0,524416.0,196608.0,262144069.0,524416.0,196608.0,262144069.0,524416.0,196608.0,195035205.0,524416.0,196608.0
1.0656334771058045e+17,334.77105244,0.004050000105053186,-1.2000301,0.004009999800473452,19.14110641668063,0.008633115195690185,18.954569770108986,0.005526362459760756,18.898506207216,0.0053294733767637196,18.876116921869276,0.010325540669704926,18.83566487042378,0.021461179538690086,6062.5,0.25,0.3,-38.588777,-38.770876,-38.817234,-38.852343,-38.865853,-38.727465,-38.509221,-38.036841,57.72020943725974,0.005294048219674481,0.008723616171127444,18.133554388218077,0.005294048219674481,17.853165684058467,0.005294048219674481,17.855011039783598,0.005294048219674481,2.67762359033347e+18,334.7710540745152,0.31120467,-1.2000302157371123,0.24962418,-0.20421417021890337,0.35566974,5.2732444,4.935440335261696,0.37949628,-1.857023512514529,0.3073808,1.0559621,436527104.0,52.0,79.0,10.0,262144069.0,524416.0,196608.0,262144069.0,524416.0,196608.0,262144069.0,524416.0,196608.0,262144069.0,524416.0,196608.0,262144069.0,524416.0,196608.0
1.0668335130316571e+17,335.13034153,0.0048699998296797276,-1.09561384,0.004999999888241291,19.99332861268641,0.011813442761293324,19.266406385536058,0.005054345275954116,18.97434723113168,0.004774549440541576,18.84682918697395,0.011695472946199176,18.772096787139517,0.0191981974235005,4875.0,1.5,0.0,-37.051009,-37.731001,-37.976984,-38.076617,-38.165194,-38.238121,-38.25835,-37.81159,56.970762640693536,0.005265947322752354,0.12389850600187614,17.873451591651875,0.005265947322752354,17.35458988749226,0.005265947322752354,17.330815243217394,0.005265947322752354,2.6776297750864394e+18,335.1303437869202,0.3111617,-1.0956151221588422,0.32452327,0.7077329445511759,0.36080128,6.6525564,2.499735548024931,0.39464006,-6.16504915203409,0.39116728,0.9379506,436527232.0,52.0,89.0,5.0,262144069.0,524416.0,196608.0,262144069.0,524416.0,196608.0,262144069.0,524416.0,196608.0,262144069.0,524416.0,196608.0,262144069.0,524416.0,196608.0
1.0649334810421434e+17,334.81049513,0.008620000444352627,-1.25514796,0.01582000032067299,20.140150038494767,0.01741645805243171,19.846791442403504,0.010367922124955076,19.836665112310932,0.01059561454282247,19.77652587358835,0.020964258324558283,19.822575518681,0.05371206746260961,6125.0,1.0,-0.3,-38.627756,-38.881371,-38.92082,-38.932322,-38.944586,-38.802097,-38.567013,-38.096908,58.74591259709571,0.012405773149671978,0.010427803869221363,19.084625548054046,0.012405773149671978,18.82107684389443,0.012405773149671978,18.82064719961957,0.012405773149671978,2.677620257438812e+18,334.8104920244456,0.5776288,-1.2551505307397968,0.4583445,-0.5572567057288308,0.72495776,3.1406407,2.3556314314847504,0.60174626,-2.077167605627383,0.61323565,0.98979145,436527104.0,52.0,75.0,10.0,262144069.0,524416.0,0.0,262144069.0,524416.0,0.0,262144069.0,524416.0,0.0,262144069.0,524416.0,0.0,195035141.0,524416.0,0.0
1.0636334894645848e+17,334.89465043,0.013419999741017818,-1.35998577,0.008320000022649765,21.776233634314508,0.05472701079299027,20.62836216470814,0.020046075189143645,19.71894030269496,0.009197297603099144,19.295778459769508,0.01474532496789038,19.01627442640058,0.028840106636295618,3600.0,5.25,-3.8,-34.710644,-35.721542,-36.595287,-36.865073,-37.264321,-37.534743,-37.866763,-37.442545,56.318491197577536,0.013462031768238318,1.1850916144525403,17.924558148535876,0.013462031768238318,17.09390544437626,0.013462031768238318,17.047588800101394,0.013462031768238318,2.677606650982691e+18,334.89465132693334,1.0142921,-1.3599870724127345,0.8173236,2.8462821212328198,1.307947,11.130282,-5.751897474961562,0.956852,-9.528843180825307,1.1429073,1.1057254,436527104.0,52.0,68.0,5.0,195035141.0,655360.0,196608.0,262144069.0,524416.0,196608.0,262144069.0,524416.0,196608.0,262144069.0,524416.0,196608.0,262144069.0,524416.0,196608.0
1.0638335163138648e+17,335.16317517,0.008430000394582748,-1.34497541,0.008630000054836273,21.626960111666133,0.04757701250851085,20.556162702944302,0.016920147706290533,19.973353269624777,0.011824280040272483,19.652121507123994,0.021395229000169772,19.481505480748698,0.037431086783779946,3700.0,5.25,-3.9,-35.71008,-36.718308,-37.208436,-37.24002,-37.662846,-37.780598,-38.100624,-37.598092,57.165958614421584,0.013488542097488588,0.596562341669785,18.526170565379925,0.013488542097488588,17.707511861220304,0.013488542097488588,17.739509216945443,0.013488542097488588,2.677604142721798e+18,335.16317151396487,1.1403987,-1.3449816699680697,1.426508,0.6755490189526425,1.1824275,6.6152096,-3.6447195696565045,1.2205143,-5.520599214691146,1.6123812,1.0447954,436527104.0,52.0,77.0,5.0,195035141.0,524416.0,196608.0,262144069.0,524416.0,196608.0,262144069.0,524416.0,196608.0,262144069.0,524416.0,196608.0,195035205.0,524416.0,196608.0
1.0668334987988774e+17,334.98797229,0.004149999935179949,-1.09396306,0.0030499999411404133,19.44118962814361,0.010005014648987086,18.589247899886114,0.003362734718645536,18.097557342750243,0.0029605894268580893,17.99737545424507,0.00650185536146292,17.88285247842951,0.010269371729893862,4437.5,1.75,0.4,-36.351892,-37.137006,-37.494814,-37.660725,-37.763319,-37.918055,-38.070614,-37.659367,55.683195760690914,0.003273576096790674,0.31142248685560237,16.90595071164925,0.003273576096790674,16.25475900748964,0.003273576096790674,16.19547136321477,0.003273576096790674,2.677629087891673e+18,334.98797091228795,0.18815842,-1.0939656240841056,0.19551125,0.162015005036192,0.21887295,9.762988,-4.836949961932314,0.25581864,-8.480556722439916,0.25791052,1.0569357,503635968.0,60.0,70.0,5.0,262144069.0,524416.0,196608.0,262144069.0,524416.0,196608.0,262144069.0,524416.0,196608.0,262144069.0,524416.0,196608.0,262144069.0,524416.0,196608.0
1.0646335193812779e+17,335.19383907,0.0029100000392645597,-1.27724047,0.007969999685883522,20.00930640808212,0.012193583609276927,18.913940150969395,0.004185785203259331,18.26574043115739,0.003135336388626882,18.007032970552153,0.005350031353637524,17.880120378776965,0.010308366209849186,4100.0,3.5,-3.0,-35.486883,-36.509322,-37.064642,-37.281838,-37.423954,-37.686002,-37.970586,-37.583818,55.36855586790761,0.003526583971354515,0.6026827474561929,16.823363818865946,0.003526583971354515,16.040147114706336,0.003526583971354515,15.956380470431471,0.003526583971354515,2.677611117748394e+18,335.19383946800303,0.2499277,-1.2772424654487573,0.22168829,0.6931780086400643,0.29088768,6.3599005,1.0098658562960408,0.27083984,-6.279211892998109,0.26757258,0.99768114,503635968.0,60.0,91.0,10.0,262144069.0,524416.0,0.0,262144069.0,524416.0,0.0,262144069.0,524416.0,0.0,262144069.0,524416.0,0.0,262144069.0,524416.0,0.0
1.0657334768163837e+17,334.76819174,0.007319999858736992,-1.18504125,0.011859999969601631,21.295377223038916,0.05185204024747821,19.983214934560447,0.014065137476640613,19.009958570420643,0.005608532950916204,18.533812342558562,0.009827493080343284,18.216712579640294,0.014646213823799688,3500.0,5.25,-3.8,-34.337726,-35.495704,-36.362655,-36.694183,-37.110089,-37.41685,-37.655807,-37.27262,55.40788653004378,0.01136487397473649,1.4061788071467447,17.131846481002125,0.01136487397473649,16.394256776842504,0.01136487397473649,16.30690913256764,0.01136487397473649,2.6776247242048456e+18,334.7681903436012,0.4788532,-1.1850402242346072,0.47021815,0.5796078128922016,0.6407132,4.6615267,2.0761744403460836,0.61075443,4.173646968855114,0.60079545,1.1024873,436527104.0,52.0,65.0,10.0,195035141.0,524288.0,0.0,262144005.0,524416.0,0.0,262144069.0,524416.0,0.0,262144069.0,524416.0,0.0,262144069.0,524416.0,0.0
1.0643334995942405e+17,334.99594737,0.0031500000040978193,-1.30535335,0.0032099999953061342,20.70632013554742,0.022407694191758393,19.539773133432885,0.00831899266797581,18.240232034051356,0.002606295826778154,17.588838799932287,0.006455826273052239,17.394342233293646,0.008141441373618566,3600.0,5.25,-3.6,-34.029413,-34.985993,-36.222136,-36.695426,-36.990327,-37.347104,-37.702214,-37.356916,54.478560267251524,0.005238564446280218,2.620548227171352,16.27226621820986,0.005238564446280218,15.41852351405025,0.005238564446280218,15.293286869775388,0.005238564446280218,2.6776080253719255e+18,334.99595577180486,0.29138443,-1.3053416744123703,0.27526417,2.7428621914001856,0.3575578,12.47104,9.416124188788789,0.39121133,8.177006282008827,0.35172048,0.9618136,503635968.0,60.0,80.0,5.0,262144069.0,524416.0,196608.0,262144069.0,524416.0,196608.0,262144069.0,524416.0,196608.0,262144069.0,524416.0,196608.0,262144069.0,524416.0,196608.0
1.066833517118485e+17,335.17121158,0.012640000320971012,-1.09326066,0.012910000048577785,19.94312794160769,0.01577166134918702,19.68199791838502,0.008147268837183185,19.534765141167412,0.008380812401512172,19.594341538311014,0.019118284855051137,19.550893389700537,0.038444097636485194,6125.0,2.75,0.2,-38.511445,-38.785278,-38.870858,-38.872872,-38.871657,-38.767945,-38.570869,-38.104028,58.44344718583433,0.009442073430366023,0.02551852331650154,18.81631213679267,0.009442073430366023,18.514755432633052,0.009442073430366023,18.51106178835819,0.009442073430366023,2.677618092775396e+18,335.17121080394304,0.4307236,-1.0932618511980847,0.45023748,-0.9779833099243896,0.48923177,3.3628714,0.06325451481759704,0.53372014,-3.3622763778813285,0.49960566,0.9505192,436527232.0,52.0,70.0,5.0,262144069.0,524416.0,196608.0,262144069.0,524416.0,196608.0,262144005.0,524416.0,196608.0,262144069.0,524416.0,196608.0,195035141.0,524416.0,196608.0
1.0660335159158995e+17,335.15917126,0.003000000026077032,-1.15872937,0.002319999970495701,16.056493342036987,0.0011615335921201194,15.43022201840998,0.0005494643079328278,15.231662489704497,0.00045146967676933493,15.119401308501173,0.0009838436480421437,15.055564527421009,0.0012053079360738778,5125.0,3.0,-0.1,-37.41385,-37.992194,-38.196887,-38.270047,-38.330616,-38.366587,-38.341723,-37.889319,53.41938753721473,0.00041355104763080085,0.06976516036612587,14.193610488173068,0.00041355104763080085,13.719841784013454,0.00041355104763080085,13.701711139738594,0.00041355104763080085,2.6776160999105326e+18,335.159170856306,0.038140345,-1.158732187049405,0.04180825,1.1825355618920381,0.043425612,6.344402,1.2481966580395079,0.046285413,-6.22040498452054,0.048438,0.9286076,503635968.0,60.0,81.0,5.0,262144069.0,524416.0,196608.0,262144069.0,524416.0,196608.0,262144069.0,524416.0,196608.0,262144069.0,524416.0,196608.0,262144069.0,524416.0,196608.0
1.0663334804170963e+17,334.8041999,0.005160000175237656,-1.13403315,0.0036100000143051147,20.344197669083286,0.01729288037682182,19.19128850097763,0.005938668865861963,18.576163828541464,0.004343530061029098,18.26613646988761,0.007056769202242414,18.187123739807944,0.012514294239380611,4100.0,3.5,-3.0,-35.486883,-36.509322,-37.064642,-37.281838,-37.423954,-37.686002,-37.970586,-37.583818,55.66630984165959,0.004731102640611395,0.5622250340900518,17.121117792617927,0.004731102640611395,16.337901088458317,0.004731102640611395,16.25413444418345,0.004731102640611395,2.6776264421917957e+18,334.8042088313612,0.28357357,-1.134031698602575,0.26625878,0.4467847345518752,0.34941283,13.837791,13.361356501662968,0.36523607,-3.599807713552782,0.32569906,0.9716319,503636096.0,60.0,80.0,10.0,262144005.0,524416.0,0.0,262144069.0,524416.0,0.0,262144069.0,524416.0,0.0,262144069.0,524416.0,0.0,262144069.0,524416.0,0.0
1.0651334900830018e+17,334.90085868,0.006409999914467335,-1.24191789,0.00418000016361475,20.19452789547381,0.013698268971230268,19.167696684793142,0.005220140151784289,18.62477383320383,0.003693932189032073,18.427608724802113,0.00850864515815367,18.305090107345787,0.01741321490714328,3800.0,5.25,-3.8,-35.867083,-36.863333,-37.336236,-37.374505,-37.714677,-37.807618,-38.129643,-37.640044,55.97510624912374,0.004915911581220056,0.37727972102849205,17.30829820008208,0.004915911581220056,16.487640495922463,0.004915911581220056,16.506704851647598,0.004915911581220056,2.677619742042745e+18,334.9008606780357,0.3081515,-1.2419224266305882,0.27288067,0.1749399392910829,0.36748418,15.292923,8.83338618559498,0.3703368,-12.4837801668639,0.363238,1.0227108,436527104.0,52.0,85.0,5.0,262144069.0,524416.0,196608.0,262144069.0,524416.0,196608.0,262144069.0,524416.0,196608.0,262144069.0,524416.0,196608.0,262144069.0,524416.0,196608.0
1.0640334768056546e+17,334.7680957,0.00610999995842576,-1.32914246,0.005429999902844429,19.344345072041033,0.0088721927259689,18.76588971566555,0.004493904778287643,18.687702526587938,0.004019953097172374,18.635776396361226,0.008249676816843946,18.580735896536357,0.016835228382714756,5625.0,0.0,-2.3,-38.03942,-38.572702,-38.686958,-38.688027,-38.7769,-38.658892,-38.425544,-37.970004,57.35569132143842,0.004319968005006772,0.013630769915540429,17.837609272396758,0.004319968005006772,17.572324568237143,0.004319968005006772,17.55732992396228,0.004319968005006772,2.677525836877852e+18,334.76809438135416,0.31355786,-1.3291440468812161,0.26052195,0.4472509741157723,0.35776553,3.734245,-1.1418452998601094,0.31611112,-3.5553868660340058,0.32015657,1.111369,436527104.0,52.0,80.0,5.0,262144069.0,524416.0,196608.0,262144005.0,524416.0,196608.0,262144069.0,524416.0,196608.0,262144069.0,524416.0,196608.0,262144069.0,524416.0,196608.0
1.067133507558177e+17,335.0755759,0.006149999797344208,-1.06898549,0.006839999929070473,18.401833272426334,0.004580586997576583,17.810358055299023,0.0019147316476026087,17.50782774288226,0.0018126885544336327,17.46561033827528,0.0036645463775901617,17.418876583146403,0.006511601518132649,5187.5,0.25,0.2,-37.49499,-38.056588,-38.275533,-38.349931,-38.399411,-38.402636,-38.330021,-37.887917,55.83619179840587,0.0018304498769923197,0.1036080799971067,16.57436574936421,0.0018304498769923197,16.148348045204592,0.0018304498769923197,16.11991740092973,0.0018304498769923197,2.6776308402383437e+18,335.0755784748341,0.12248901,-1.0689868458350082,0.12699339,0.38473103614506493,0.14295566,8.999061,1.5339272755542557,0.14378233,-8.867365294375928,0.14641893,0.93127304,503635968.0,60.0,80.0,5.0,262144069.0,524416.0,196608.0,262144069.0,524416.0,196608.0,262144069.0,524416.0,196608.0,262144069.0,524416.0,196608.0,262144069.0,524416.0,196608.0
1.0636334888030029e+17,334.88803623,0.004550000187009573,-1.36681407,0.0020099999383091927,18.171921943796313,0.003409928345663331,17.61849540344474,0.0020235746666689793,17.461353628362275,0.0016084052600186588,17.310884512203472,0.0035715932311966656,17.202945052709143,0.006952566537249196,5187.5,1.5,1.0,-37.49887,-37.98757,-38.209012,-38.294709,-38.33523,-38.352659,-38.316379,-37.873007,55.618198308103196,0.0017821772403283074,0.11549961249773295,16.406349259061532,0.0017821772403283074,15.943996554901922,0.0017821772403283074,15.916833910627057,0.0017821772403283074,2.677512814537002e+18,334.8880356935552,0.12868495,-1.366816777427318,0.110313974,0.5368038390991628,0.15100902,7.8404303,4.205902678184357,0.12736256,-6.616851698635571,0.13859464,0.99676824,503635968.0,60.0,76.0,5.0,262144069.0,524416.0,196608.0,262144069.0,524416.0,196608.0,262144069.0,524416.0,196608.0,262144069.0,524416.0,196608.0,262144069.0,524416.0,196608.0
1.0639334987337552e+17,334.98733952,0.009619999676942825,-1.33745776,0.003819999983534217,21.214819159163778,0.04151711381229385,20.095052545634598,0.013766265484372304,19.011080169225036,0.005588702444525789,18.478599944459425,0.010424481209104887,18.205298479663867,0.014913220687981375,3600.0,5.25,-3.7,-34.370028,-35.353768,-36.408712,-36.78025,-37.127324,-37.440923,-37.784489,-37.399731,55.40898645962935,0.009540415838882594,1.864015590636645,17.108873410587687,0.009540415838882594,16.26667470642807,0.009540415838882594,16.180898062153204,0.009540415838882594,2.677606341745059e+18,334.9873440786319,0.5281446,-1.3374603086251966,0.43146476,1.1853570868190257,0.6336271,13.152037,6.878043201770101,0.52313626,-11.210200625349339,0.61552864,0.86101097,436527232.0,52.0,69.0,5.0,195035141.0,655488.0,196608.0,262144069.0,524416.0,196608.0,262144069.0,524416.0,196608.0,262144069.0,524416.0,196608.0,262144069.0,524416.0,196608.0
1.0645334885997598e+17,334.88604867,0.005880000069737434,-1.28707246,0.006180000025779009,20.108364702935965,0.012921973622594682,19.80072172849104,0.008661270998403197,19.6378251174172,0.009016784315620557,19.684949576749574,0.03435315883120711,19.60390342599785,0.0425260872044022,5812.5,0.5,0.0,-38.30586,-38.636996,-38.724581,-38.746943,-38.778698,-38.681034,-38.493362,-38.026845,58.40576851031833,0.011509830635771837,0.03845277413685857,18.865544461276674,0.011509830635771837,18.554583757117058,0.011509830635771837,18.55056611284219,0.011509830635771837,2.67761929536612e+18,334.8860477090494,0.6284573,-1.2870739018302648,0.60990757,-0.3702300736754978,0.64381284,4.1256375,1.9525830469561758,0.6592802,-3.634322863941996,0.8136118,1.030719,436527104.0,52.0,76.0,5.0,262144069.0,524416.0,196608.0,262144069.0,524416.0,196608.0,262144069.0,524416.0,196608.0,262144005.0,524416.0,196608.0,195035141.0,524416.0,196608.0
1.0639335173522054e+17,335.17355098,0.0025500000920146704,-1.34159797,0.0023900000378489494,19.187727963201205,0.006471572248960999,18.574939484146967,0.003282259174790243,18.253366841721853,0.00262512256595415,18.07011598601245,0.005717984508767626,18.047282323312306,0.012002323002236935,4875.0,3.5,1.0,-37.076009,-37.659698,-37.93438,-38.050431,-38.109932,-38.166987,-38.176535,-37.764378,56.19277651967896,0.0030743899911548694,0.17674942338191124,17.166599470637298,0.0030743899911548694,16.65841876647768,0.0030743899911548694,16.600041122202818,0.0030743899911548694,2.677604039642237e+18,335.173551357992,0.19961427,-1.3415984061375696,0.18607306,0.7547533926337088,0.2351774,3.06375,-1.1908384152980327,0.22475837,-2.8228476463314065,0.21384682,1.0137459,436527104.0,52.0,95.0,5.0,262144069.0,524416.0,196608.0,262144069.0,524416.0,196608.0,262144069.0,524416.0,196608.0,262144069.0,524416.0,196608.0,262144069.0,524416.0,196608.0
1.0663334821364366e+17,334.82139477,0.0034799999557435513,-1.13902138,0.005590000189840794,20.528015528997262,0.018482007316739005,19.241552580150092,0.005828612081372905,17.920966120279935,0.0023866998264800063,17.377858765929957,0.0036674722307295116,17.032566950988688,0.004810760087696613,3400.0,5.25,-3.9,-33.768109,-34.920906,-35.953811,-36.371386,-36.883879,-37.315431,-37.613851,-37.226192,53.9998101892692,0.004088263271842393,2.4330346846747712,15.82518914022754,0.004088263271842393,15.028136436067925,0.004088263271842393,14.945260791793062,0.004088263271842393,2.6776264078320527e+18,334.82139793867833,0.21450819,-1.139026529621785,0.19487002,2.89923082254871,0.25508747,18.317347,10.203776824694383,0.30077872,-15.212105160110195,0.25128204,1.0281008,503635968.0,60.0,86.0,5.0,262144005.0,524416.0,196608.0,262144069.0,524416.0,196608.0,262144069.0,524416.0,196608.0,262144069.0,524416.0,196608.0,262144069.0,524416.0,196608.0
1.0648335136542558e+17,335.13657478,0.003470000112429261,-1.26237168,0.004629999864846468,19.99010138247173,0.012391365368855446,19.19800871466683,0.005392165094526862,18.86904463320276,0.004432653678199,18.659242848897506,0.008080682973617522,18.56081420776144,0.018017209006740392,4500.0,3.5,-1.6,-36.431626,-37.142364,-37.466651,-37.622886,-37.7267,-37.884095,-38.04808,-37.633453,56.33348775740006,0.004866978760810999,0.20279587618499326,17.590202708358394,0.004866978760810999,16.927585004198782,0.004866978760810999,16.871677359923915,0.004866978760810999,2.6776113239068324e+18,335.13658068351,0.35049418,-1.26237409044264,0.37120315,0.31200642521377464,0.40561426,17.166754,13.879775461334212,0.4052127,-10.101943612710464,0.4044048,1.0856565,436527104.0,52.0,93.0,5.0,262144069.0,524416.0,196608.0,262144069.0,524416.0,196608.0,262144069.0,524416.0,196608.0,262144069.0,524416.0,196608.0,262144069.0,524416.0,196608.0
1.0649334775736571e+17,334.77579748,0.006070000119507313,-1.25390019,0.004809999838471413,19.387392222416292,0.010114063367735448,18.276727522306924,0.003005164130800133,17.80168993796099,0.0020706953815015187,17.54601160475313,0.0039763985731822455,17.354092601025123,0.006756564605698762,3800.0,5.25,-3.8,-35.867083,-36.863333,-37.336236,-37.374505,-37.714677,-37.807618,-38.129643,-37.640044,55.10434957769249,0.0026613979747972653,0.3458922437912462,16.43754152865083,0.0026613979747972653,15.616883824491211,0.0026613979747972653,15.635948180216348,0.0026613979747972653,2.6776230749373594e+18,334.7757967176874,0.17845282,-1.2539014959485013,0.15709583,0.6698819720465854,0.21154842,4.1353,3.376352071454491,0.19378677,-2.3876669659927585,0.19713496,1.0528073,503635968.0,60.0,78.0,5.0,262144069.0,524416.0,196608.0,262144069.0,524416.0,196608.0,262144069.0,524416.0,196608.0,262144069.0,524416.0,196608.0,262144069.0,524416.0,196608.0
1.0664335073660776e+17,335.07366214,0.008259999565780163,-1.1272624,0.01018999982625246,16.958856211502273,0.001625370928447899,16.416249323976622,0.0008247219590032843,16.221478632589616,0.0008318400181749381,16.131488894504802,0.0016325095401422786,16.076149061763246,0.0025945316942766468,5312.5,0.75,0.2,-37.669633,-38.167243,-38.360833,-38.423569,-38.463527,-38.452303,-38.36626,-37.919249,54.577805424867314,0.0007324107288074005,0.06223179259066009,15.266312375825652,0.0007324107288074005,14.853722671666041,0.0007324107288074005,14.830199027391176,0.0007324107288074005,2.6776281301139456e+18,335.0736578421813,0.057318967,-1.1272655282603967,0.061888706,0.6932633213627618,0.06601641,11.176255,-9.32583086752969,0.070544995,-6.159346792132428,0.075101115,0.99161035,503635968.0,60.0,95.0,5.0,262144069.0,524416.0,196608.0,262144069.0,524416.0,196608.0,262144069.0,524416.0,196608.0,262144005.0,524416.0,196608.0,262144069.0,524416.0,196608.0
1.067333501249521e+17,335.01249726,0.004009999800473452,-1.05697586,0.0016599999507889152,19.059403582268423,0.006723378350620003,18.440088670767953,0.0030046170631002895,18.150742203977504,0.0028378740301465925,18.073913618534842,0.005873957293739028,17.952377832992124,0.012852301653214262,4900.0,5.0,-2.0,-37.133188,-37.691784,-37.934121,-38.034155,-38.104453,-38.186576,-38.247609,-37.807096,56.114845381708164,0.0032370980907369708,0.12540848574577618,17.0690793326665,0.0032370980907369708,16.50941362850689,0.0032370980907369708,16.479391984232024,0.0032370980907369708,2.677632558225268e+18,335.0124978003743,0.16664936,-1.0569766602249586,0.17215486,0.16670280455631203,0.20496114,3.7636313,-0.26408585363629944,0.21629803,-3.7543548036732313,0.22111355,0.895367,503635968.0,60.0,83.0,5.0,262144069.0,524416.0,196608.0,262144069.0,524416.0,196608.0,262144069.0,524416.0,196608.0,262144069.0,524416.0,196608.0,262144005.0,524416.0,196608.0
1.0668335045601541e+17,335.0456192,0.0018500000005587935,-1.09587478,0.0011899999808520079,17.571052265864083,0.0029952427813844016,17.25735390452962,0.0014815475674320666,17.084339423181408,0.0014072514643022828,16.997551094424768,0.0030978410374844583,16.946906579713406,0.0045288726266312675,5625.0,0.0,1.0,-38.085737,-38.42078,-38.553701,-38.611675,-38.633947,-38.567318,-38.414542,-37.959294,55.63260865354266,0.0013153573743975885,0.07234384068874253,16.206100604501,0.0013153573743975885,15.860243900341388,0.0013153573743975885,15.844957256066523,0.0013153573743975885,2.6776291566111493e+18,335.04562438629944,0.08816393,-1.0958737161230552,0.094423905,0.60939918791094,0.10325291,12.620873,12.490396282909199,0.10989902,1.8100958700645808,0.11451368,1.0709976,503635968.0,60.0,73.0,5.0,262144069.0,524416.0,196608.0,262144069.0,524416.0,196608.0,262144069.0,524416.0,196608.0,262144069.0,524416.0,196608.0,262144069.0,524416.0,196608.0
1.0629334921272376e+17,334.92126478,0.016620000824332237,-1.42224621,0.007780000101774931,17.00424274935617,0.0015917479746059954,16.439422525472512,0.0009363056240830442,16.229814785061816,0.0009049472392064147,16.149793349512418,0.001721327752752862,16.10975519832492,0.0025395646285753092,5250.0,3.5,0.0,-37.581552,-38.110838,-38.299202,-38.360793,-38.408331,-38.424679,-38.378929,-37.923113,54.53874892154556,0.0007386911960273307,0.058623065894825334,15.254879872503903,0.0007386911960273307,14.801997168344286,0.0007386911960273307,14.787278524069423,0.0007386911960273307,2.6775116806656184e+18,334.92126962754486,0.06556151,-1.422237980863068,0.059672106,0.8904638095882561,0.0746702,10.314942,-1.8523826541451733,0.065583244,10.147251157255834,0.069803685,0.9809249,503635968.0,60.0,84.0,5.0,262144069.0,524416.0,196608.0,262144069.0,524416.0,196608.0,262144069.0,524416.0,196608.0,262144069.0,524416.0,196608.0,262144069.0,524416.0,196608.0
1.0656334821311138e+17,334.82130977,0.009030000306665897,-1.19923751,0.007199999876320362,15.84554468781968,0.0011165873052955079,15.068812179888134,0.0005323831933744713,14.823451269700861,0.0004323679248313085,14.712928994286402,0.0006567824195002557,14.621297563775247,0.0009840519777234598,5000.0,0.75,-1.6,-37.186849,-37.922047,-38.138562,-38.212504,-38.327116,-38.357395,-38.28741,-37.840588,52.97182253909407,0.0003530927662121488,0.08465906464460377,13.755237490052412,0.0003530927662121488,13.326589785892793,0.0003530927662121488,13.302877141617936,0.0003530927662121488,2.6776237320673695e+18,334.8213059402143,0.031248758,-1.1992454542593067,0.030200519,1.738436862304791,0.03881295,20.958206,-10.5695061440546,0.040806197,-18.09784397334131,0.041729115,1.0690099,503635968.0,60.0,83.0,10.0,262144069.0,524416.0,0.0,262144069.0,524416.0,0.0,262144069.0,524416.0,0.0,262144069.0,524416.0,0.0,262144069.0,524416.0,0.0
1.0672335063266774e+17,335.06328334,0.001970000099390745,-1.06061946,0.0021699999924749136,17.132727663730765,0.001709368934478683,16.72331718009701,0.001268741087712225,16.61327081979138,0.0010535423359501314,16.63705739471747,0.0022135873705264276,16.54641278685049,0.00329420637148061,5875.0,0.0,-2.3,-38.362235,-38.78128,-38.852696,-38.843867,-38.910662,-38.747098,-38.48072,-38.023864,55.48070516903743,0.0009250591812485686,0.012767705969849007,15.874417119995766,0.0009250591812485686,15.642162415836154,0.0009250591812485686,15.628483771561287,0.0009250591812485686,2.677631050691712e+18,335.06328495561365,0.06455696,-1.0606215333301778,0.07082612,0.34837992298472953,0.07552405,6.7504992,3.840309222088514,0.08069815,-5.551690344861263,0.08423409,1.0058892,503635968.0,60.0,79.0,5.0,262144069.0,524416.0,196608.0,262144069.0,524416.0,196608.0,262144069.0,524416.0,196608.0,262144069.0,524416.0,196608.0,262144069.0,524416.0,196608.0
1.0624334975723795e+17,334.97571136,0.003010000102221966,-1.46041213,0.003700000001117587,18.310287949857557,0.003463720640296772,17.786579240764127,0.002188941246220799,17.50684291543821,0.0020122942114652095,17.464998347097513,0.0038914608385192347,17.38556082423175,0.007406531236232348,5187.5,2.0,0.6,-37.496244,-37.987892,-38.208147,-38.291953,-38.332578,-38.349527,-38.314041,-37.871816,55.75421665547783,0.0019061828333917525,0.10150074123805537,16.54549960643617,0.0019061828333917525,16.082352902276554,0.0019061828333917525,16.05404325800169,0.0019061828333917525,2.677508313411243e+18,334.9757087885678,0.1374555,-1.4604164056787354,0.13278927,0.27339377160090184,0.18526986,10.443989,-3.8295617279161593,0.14964348,-9.716550329605367,0.17789654,1.0855776,503635968.0,60.0,79.0,5.0,262144069.0,524416.0,196608.0,262144069.0,524416.0,196608.0,262144069.0,524416.0,196608.0,262144069.0,524416.0,196608.0,262144069.0,524416.0,196608.0
1.0640334817519904e+17,334.81757386,0.002839999971911311,-1.32619892,0.009859999641776085,20.155088207194236,0.013910486432418448,18.917283061429302,0.004475443025536746,17.734287371016684,0.0019496163836932405,17.170630797435994,0.0033716259103526635,16.866636020317365,0.0039529451925171275,3400.0,5.25,-4.0,-33.977897,-35.132432,-36.04554,-36.402014,-36.961987,-37.389647,-37.68894,-37.271563,53.87275909147873,0.003126185305315691,2.0917741083700796,15.62392204243707,0.003126185305315691,14.825996338277449,0.003126185305315691,14.772838694002589,0.003126185305315691,2.677525080964073e+18,334.817583562469,0.19703552,-1.3262022011087253,0.1589425,3.2279002348912065,0.22981057,28.751644,26.115317366767734,0.20733267,-12.026935825299109,0.2103187,0.9065663,503635968.0,60.0,78.0,5.0,262144005.0,524416.0,196608.0,262144005.0,524416.0,196608.0,262144069.0,524416.0,196608.0,262144069.0,524416.0,196608.0,262144069.0,524416.0,196608.0
1.063933477406708e+17,334.77410242,0.007400000002235174,-1.34135982,0.007569999899715185,21.626229659754472,0.07833802985994665,20.4187770182316,0.015303000074739358,19.713301474441984,0.009888118959259187,19.379858296191987,0.01653526850921033,19.144149076983705,0.030887088870913605,3600.0,5.25,-3.9,-35.051259,-36.089317,-36.781863,-36.949897,-37.401318,-37.628562,-37.949038,-37.48536,56.511193905120756,0.017545633067825424,0.6668942900629439,18.023441856079092,0.017545633067825424,17.204333151919478,0.017545633067825424,17.197476507644616,0.017545633067825424,2.677525768158419e+18,334.7740976221327,0.87307113,-1.3413597743298138,0.6889185,0.4340501817042159,1.0016537,4.5867214,-0.8595577179598402,0.87963164,-4.505460633767029,0.8818135,1.0648354,436527104.0,52.0,66.0,5.0,195035141.0,524288.0,196608.0,262144069.0,524416.0,196608.0,262144069.0,524416.0,196608.0,262144069.0,524416.0,196608.0,262144069.0,524416.0,196608.0
1.0669335056663235e+17,335.05667584,0.005530000198632479,-1.09007397,0.00812000036239624,21.49247262678886,0.04947006563951773,20.468206777491933,0.014284157962294278,19.110449996123926,0.005776551152569141,18.476325486170516,0.010028486750277855,18.123928853903983,0.01167527109944272,3600.0,5.25,-3.6,-34.029413,-34.985993,-36.222136,-36.695426,-36.990327,-37.347104,-37.702214,-37.356916,55.31893574809584,0.01081032026913948,3.1888818215456016,17.112641699054176,0.01081032026913948,16.258898994894565,0.01081032026913948,16.1336623506197,0.01081032026913948,2.677629259690645e+18,335.05667871513305,0.44978407,-1.0900700899666622,0.44358987,1.4076217615501139,0.51825005,10.722144,5.352855405835232,0.57794344,9.290388425683654,0.52176374,0.9124064,436527104.0,52.0,71.0,5.0,195035141.0,655360.0,196608.0,262144069.0,524416.0,196608.0,262144069.0,524416.0,196608.0,262144069.0,524416.0,196608.0,262144069.0,524416.0,196608.0
1.0638334837546077e+17,334.83757233,0.00749000022187829,-1.34974874,0.006070000119507313,15.426659392855923,0.0007439560921459548,14.797669851820038,0.00046571994565673165,14.52713347482524,0.00033987801979482957,14.365212118546122,0.0006558097675047787,14.386176980829859,0.0010846829573107075,5000.0,4.25,0.7,-37.254084,-37.802869,-38.053416,-38.154107,-38.204805,-38.241341,-38.222332,-37.804764,52.59442656377544,0.0003157534716957657,0.11406895017123324,13.493895514733783,0.0003157534716957657,13.014271810574165,0.0003157534716957657,12.961305166299306,0.0003157534716957657,2.677524810380662e+18,334.83757573392967,0.029196478,-1.3497487796411494,0.024756186,0.09320093682421643,0.032688033,4.2721777,1.2772855070589253,0.03171023,-4.076768765617592,0.033450298,1.1028771,503635968.0,60.0,81.0,5.0,262144069.0,524416.0,196608.0,262144069.0,524416.0,196608.0,262144069.0,524416.0,196608.0,262144069.0,524416.0,196608.0,262144069.0,524416.0,196608.0
1.0649335072801494e+17,335.07281672,0.03172999992966652,-1.25460988,0.014919999986886978,14.883796982737515,0.0006960132094722134,13.946949493669017,0.00032664749403293826,13.741865398365075,0.0002839419054723268,13.50304641059106,0.0003851901467651595,13.433318169020708,0.0005404250909630203,4812.5,1.5,-2.2,-36.847017,-37.694749,-37.93915,-38.049827,-38.208444,-38.274083,-38.227313,-37.792851,51.64963269087667,0.000210920525972075,0.12438586699769515,12.516359641835013,0.000210920525972075,12.064496937675393,0.000210920525972075,12.028424293400535,0.000210920525972075,2.677608716861762e+18,335.0728262434279,0.02016292,-1.2546192973054602,0.021216558,3.099445485819824,0.023360776,29.253565,22.394409671656902,0.025772896,-18.821836207085585,0.026320219,1.0084932,503635968.0,60.0,93.0,5.0,262144069.0,524416.0,196608.0,263192581.0,524416.0,196608.0,263208967.0,524416.0,196608.0,263192581.0,524416.0,196608.0,263208967.0,524416.0,196608.0
1.067633510130392e+17,335.10130367,0.007840000092983246,-1.02605615,0.00800000037997961,21.846859178957445,0.07865601621594262,20.623254139764764,0.023461999398285284,19.692433306058252,0.01020111205861846,19.35769360762854,0.015644283129010294,19.154989504016346,0.030500089795657985,3700.0,5.25,-3.7,-34.932512,-35.916079,-36.765533,-37.017915,-37.335581,-37.564293,-37.896877,-37.481317,56.52856994728508,0.01790675410243196,1.0438870482128988,18.105086898243417,0.01790675410243196,17.2738701940838,0.01790675410243196,17.21889554980894,0.01790675410243196,2.677631218195752e+18,335.10130402400137,0.86413455,-1.026056775272,0.9105028,1.489366472661501,0.99616426,0.25579372,-0.2545042196429525,1.2588111,-0.025651952760481597,1.0547774,1.0054333,436527104.0,52.0,61.0,5.0,195035141.0,655360.0,196608.0,262144069.0,524416.0,196608.0,262144069.0,524416.0,196608.0,262144069.0,524416.0,196608.0,262144069.0,524416.0,196608.0
1.0643334924246133e+17,334.92424679,0.0043299999088048935,-1.30763743,0.005189999938011169,20.89259894191224,0.02534142115707973,19.66251538669821,0.011153671818950252,18.96031971609692,0.004947144208729059,18.637561062124295,0.009991529611075273,18.482453068311255,0.016780211747464618,3700.0,5.25,-3.8,-35.321296,-36.317193,-36.986985,-37.128968,-37.499213,-37.672445,-37.998751,-37.539705,55.977820635028586,0.006848276943541458,0.6400960782653772,17.44618558598692,0.006848276943541458,16.62124688182731,0.006848276943541458,16.609758237552448,0.006848276943541458,2.6776074756161106e+18,334.9242488310969,0.44552258,-1.307640663910584,0.36696935,0.004195726417386886,0.51772165,12.641222,1.3653973786702174,0.4411072,-12.567266512164123,0.47076553,1.0442337,436527104.0,52.0,76.0,5.0,262144069.0,524416.0,196608.0,262144069.0,524416.0,196608.0,262144069.0,524416.0,196608.0,262144069.0,524416.0,196608.0,262144069.0,524416.0,196608.0
1.065133509509521e+17,335.09509329,0.0016799999866634607,-1.24028612,0.0011099999537691474,18.760394009869746,0.0055686467404640495,17.56765583297072,0.0016863792436491922,16.85769324672935,0.0011660866470082215,16.49975656638121,0.0018141087851280442,16.239247742933163,0.0031252438749575827,3600.0,5.25,-3.9,-35.051259,-36.089317,-36.781863,-36.949897,-37.401318,-37.628562,-37.949038,-37.48536,53.63968027977684,0.001389555317417212,0.6971739807915441,15.151928230735177,0.001389555317417212,14.332819526575562,0.001389555317417212,14.325962882300702,0.001389555317417212,2.6776145537222523e+18,335.09509502216486,0.13476847,-1.240284980927948,0.1302843,1.1284860335016025,0.15955397,4.4735603,4.326129684340502,0.14912795,1.1390102479848243,0.16085868,1.1186166,503635968.0,60.0,89.0,5.0,262144069.0,524416.0,196608.0,262144069.0,524416.0,196608.0,262144069.0,524416.0,196608.0,262144069.0,524416.0,196608.0,262144069.0,524416.0,196608.0
1.0636334903601478e+17,334.90360068,0.007110000122338533,-1.3630369,0.004379999823868275,21.116182059198444,0.03208718922153837,19.9980346592773,0.01335342622976984,19.325685575319667,0.007414658429828308,18.86943981356289,0.010837476914074638,18.602529012674758,0.018993180548251894,3600.0,5.25,-3.9,-35.051259,-36.089317,-36.781863,-36.949897,-37.401318,-37.628562,-37.949038,-37.48536,56.03710502400662,0.008345227802871131,0.853006956705745,17.549352974964957,0.008345227802871131,16.730244270805343,0.008345227802871131,16.72338762653048,0.008345227802871131,2.6776066509823355e+18,334.90360096177443,0.5873882,-1.3630388127292614,0.4803847,1.277083627652842,0.7090211,6.615958,-4.951860088049928,0.5079023,-4.387480310946756,0.587446,0.90339196,436527104.0,52.0,68.0,5.0,262144005.0,524416.0,196608.0,262144069.0,524416.0,196608.0,262144069.0,524416.0,196608.0,262144069.0,524416.0,196608.0,262144069.0,524416.0,196608.0
1.0621334951979338e+17,334.95199667,0.006899999920278788,-1.48923812,0.0036200000904500484,19.402737736478517,0.007880783535618538,18.48063334990621,0.0038884100854609514,18.117202843615516,0.00333337870160969,17.960766942825096,0.005200075901288117,17.820142347708575,0.01131134042110462,4562.5,1.0,-0.5,-36.484536,-37.351765,-37.644204,-37.787891,-37.94141,-38.074545,-38.153369,-37.725778,55.798257844106786,0.0031197763201717427,0.19741190769470643,16.864522795065124,0.0031197763201717427,16.287066090905512,0.0031197763201717427,16.244122446630648,0.0031197763201717427,2.6775081759722783e+18,334.9519983003431,0.22909172,-1.4892386142235718,0.21305378,0.8359475177637493,0.27751365,7.453793,7.437640651686383,0.24220175,-0.49044225045627904,0.26481235,1.102429,503635968.0,60.0,74.0,5.0,262144069.0,524416.0,196608.0,262144069.0,524416.0,196608.0,262144005.0,524416.0,196608.0,262144069.0,524416.0,196608.0,262144069.0,524416.0,196608.0
1.0632334880886707e+17,334.88092226,0.009920000098645687,-1.39453622,0.009259999729692936,21.102978842478727,0.026988145113333018,20.439700272666766,0.013915470609185727,20.13709635893076,0.013718383313007142,20.014921871198442,0.030703171013463867,19.825987544917574,0.05855606129284312,4700.0,4.0,-1.6,-36.731819,-37.36648,-37.651371,-37.783224,-37.868712,-37.982182,-38.075466,-37.651744,57.78445817803846,0.014807689035186056,0.20562860834276794,18.9430861289968,0.014807689035186056,18.351169424837188,0.014807689035186056,18.304356780562323,0.014807689035186056,2.677512715752311e+18,334.8809207548368,1.6896142,-1.3945398515387712,1.3289645,-2.9785200923794237,1.9371378,5.31491,5.280226997771226,1.3013026,-0.6061929027614918,1.8685982,0.9768369,436527104.0,52.0,77.0,5.0,262144069.0,524416.0,196608.0,262144069.0,524416.0,196608.0,262144069.0,524416.0,196608.0,262144069.0,524416.0,196608.0,195035141.0,524416.0,196608.0
1.0622334907597542e+17,334.90759558,0.00953999999910593,-1.479207,0.003379999892786145,14.992904203539076,0.0006430613784760891,14.605299046248163,0.0004634040665141204,14.533713106167001,0.000401503699176422,14.51754853153319,0.0006745748837689418,14.510902043895797,0.0011724140590079037,6000.0,1.75,-1.7,-38.44973,-38.817199,-38.895232,-38.884229,-38.908614,-38.78855,-38.559759,-38.096573,53.423074186276644,0.0003236715919182906,0.004947773803939662,13.775334137234982,0.0003236715919182906,13.505492433075368,0.0003236715919182906,13.498143788800506,0.0003236715919182906,2.677508042828291e+18,334.90759434819347,0.036815252,-1.4792121943783672,0.032661498,0.7324699878983122,0.04088972,11.255911,0.7189037438399676,0.03835828,-11.232929754543015,0.038566317,1.0350426,503635968.0,60.0,80.0,5.0,262144069.0,524416.0,196608.0,262144069.0,524416.0,196608.0,262144069.0,524416.0,196608.0,262144069.0,524416.0,196608.0,262144069.0,524416.0,196608.0
1.0643335046152936e+17,335.04614491,0.0024500000290572643,-1.30092203,0.002850000048056245,17.66347541017463,0.0023690255516281692,17.089116784180423,0.0017748717720424776,16.942164512228835,0.0013724468446468393,16.826686540052048,0.0026171815254453753,16.81434747860535,0.004572865381174236,5375.0,0.0,0.0,-37.752178,-38.27633,-38.448049,-38.494834,-38.54957,-38.512147,-38.38145,-37.931342,55.371350345048256,0.001239464386649585,0.04392145714029304,16.000013296006596,0.001239464386649585,15.63207759184698,0.001239464386649585,15.611650947572118,0.001239464386649585,2.677607887932974e+18,335.04614444983815,0.09486591,-1.3009247498716952,0.09986155,0.570609795396245,0.1315748,8.39625,2.3279778861159075,0.120599106,-8.06706479215168,0.13840447,1.0259781,503635968.0,60.0,77.0,5.0,262144069.0,524416.0,196608.0,262144069.0,524416.0,196608.0,262144069.0,524416.0,196608.0,262144069.0,524416.0,196608.0,262144069.0,524416.0,196608.0
1.0626334979280821e+17,334.9792465,0.02443999983370304,-1.44361003,0.024450000375509262,21.72159058338725,0.05478920297550534,21.203406804104485,0.030110012757829895,21.056309710426117,0.041733044825193834,20.935177973678357,0.06769307051707532,20.57353712017083,0.126822017659568,4900.0,5.0,-2.0,-37.133188,-37.691784,-37.934121,-38.034155,-38.104453,-38.186576,-38.247609,-37.807096,58.877544638353406,0.03244459438527346,0.4425005353339284,19.831778589311742,0.03244459438527346,19.272112885152133,0.03244459438527346,19.242091240877265,0.03244459438527346,-999,-999,-999,-999,-999,-999,-999,-999,-999,-999,-999,-999,-999,436527104.0,52.0,33.0,5.0,195035141.0,655360.0,196608.0,262144069.0,524416.0,196608.0,195035205.0,524416.0,196608.0,195035141.0,655360.0,196608.0,195035141.0,655360.0,196608.0
1.0671335006018691e+17,335.00601284,0.003379999892786145,-1.06963793,0.0018500000005587935,19.05809961865862,0.006456418704378427,18.619282270342673,0.0036138584492232755,18.506101255381836,0.0037261958111919216,18.48896219501382,0.007473752850143561,18.433917159349363,0.014710263503614257,5750.0,0.0,-1.9,-38.225974,-38.654346,-38.74519,-38.753504,-38.814054,-38.688195,-38.459952,-38.003579,57.259886099749274,0.003692580044421022,0.01260462466162911,17.712501050707612,0.003692580044421022,17.442111346547996,0.003692580044421022,17.427949702273132,0.003692580044421022,2.6776324551460465e+18,335.00601334294856,0.19901036,-1.0696386671477125,0.21213092,0.24388827212309663,0.24483888,3.5981343,-0.40338415876277023,0.24940889,-3.5754511809852336,0.2592566,1.0125384,436527104.0,52.0,81.0,5.0,262144069.0,524416.0,196608.0,262144069.0,524416.0,196608.0,262144069.0,524416.0,196608.0,262144069.0,524416.0,196608.0,262144069.0,524416.0,196608.0
1.0642334933644838e+17,334.93366751,0.00279000005684793,-1.31005502,0.00215000007301569,18.20375745566218,0.003404335035167341,16.958901808943747,0.0018430459724744397,15.925151333973199,0.0007750407440128236,15.389410759931028,0.0010533932928028808,15.126310726350829,0.0018331384049495344,3600.0,5.25,-3.7,-34.370028,-35.353768,-36.408712,-36.78025,-37.127324,-37.440923,-37.784489,-37.399731,52.3287228169722,0.0008957016798962708,1.6511558686951198,14.028609767930543,0.0008957016798962708,13.186411063770926,0.0008957016798962708,13.100634419496062,0.0008957016798962708,2.677607411191642e+18,334.933677191175,0.07363503,-1.3100549675786437,0.062034935,3.1487827444465655,0.08237733,23.780142,23.707028440377854,0.07717544,-1.863324750459638,0.077791624,1.0147706,503635968.0,60.0,71.0,5.0,262144069.0,524416.0,196608.0,262144069.0,524416.0,196608.0,262144069.0,524416.0,196608.0,262144069.0,524416.0,196608.0,262144069.0,524416.0,196608.0
1.065333502796835e+17,335.0279769,0.0059899999760091305,-1.22248353,0.0053400001488626,19.84492444394358,0.011481323786019182,19.429467449530915,0.0058710004575832,19.25014347825794,0.0070690403997898206,19.2249684349273,0.013493408817691756,19.28972504147733,0.04420808677135762,5812.5,5.0,0.0,-38.200245,-38.589032,-38.709987,-38.724528,-38.736109,-38.674589,-38.537256,-38.063837,57.99982596962741,0.009700902621780014,0.03863949190942506,18.46604692058575,0.009700902621780014,18.104747216426134,0.009700902621780014,18.10763157215127,0.009700902621780014,2.677609640279677e+18,335.027977580043,0.41063222,-1.2224855460659358,0.34432864,0.14849998817789395,0.5093822,6.9810505,1.2878837176788147,0.40263468,-6.861225755852099,0.44084194,0.94375336,436527104.0,52.0,77.0,5.0,262144069.0,524416.0,196608.0,262144069.0,524416.0,196608.0,262144069.0,524416.0,196608.0,262144069.0,524416.0,196608.0,195035141.0,524416.0,196608.0
1.0669335099730274e+17,335.09973756,0.0035500000230968,-1.08976501,0.0020800000056624413,17.99265368588707,0.0035025634359485223,17.63065294739529,0.0019448532087116709,17.505739685348388,0.002198941132707866,17.358352820251195,0.0033007233146234234,17.305007504927786,0.005560708063639186,5562.5,0.0,1.0,-38.00284,-38.370973,-38.519174,-38.579553,-38.602924,-38.544895,-38.3994,-37.94779,55.97357412876195,0.0015836918298723986,0.09020651237119308,16.569489079720295,0.0015836918298723986,16.216351375560677,0.0015836918298723986,16.197426731285816,0.0015836918298723986,2.677629946885135e+18,335.09973566105316,0.11191458,-1.0897693986961028,0.13225457,0.390933165759053,0.12781498,11.685062,-5.2640470294025885,0.14389709,-10.432185685758144,0.15853357,1.0342197,503635968.0,60.0,81.0,5.0,262144069.0,524416.0,196608.0,262144069.0,524416.0,196608.0,262144069.0,524416.0,196608.0,262144069.0,524416.0,196608.0,262144069.0,524416.0,196608.0
1.0651334765442611e+17,334.76542531,0.013799999840557575,-1.23691821,0.006000000052154064,20.190922977654466,0.016484833351586726,19.24938243358394,0.006035701742369572,18.931478456683692,0.004957369169735769,18.64106293033526,0.010586514472881302,18.532837810548504,0.020025184893742838,4500.0,1.0,-0.5,-36.37302,-37.266034,-37.570602,-37.724395,-37.885876,-38.033736,-38.132761,-37.709296,56.473122321761174,0.005816656269543826,0.25570628867493284,17.580196272719515,0.005816656269543826,16.982538568559896,0.005816656269543826,16.935468924285033,0.005816656269543826,2.6776233841750154e+18,334.76542070257597,0.38983926,-1.2369239724595797,0.32231742,-0.44513301886990225,0.4591855,9.960418,4.2540320633113415,0.3855914,-9.00628328498595,0.38055062,1.0696703,436527104.0,52.0,87.0,5.0,262144069.0,524416.0,196608.0,262144069.0,524416.0,196608.0,262144069.0,524416.0,196608.0,262144069.0,524416.0,196608.0,262144069.0,524416.0,196608.0
1.063433494687985e+17,334.94690897,0.013939999975264072,-1.37661363,0.015069999732077122,21.362237833386565,0.035671003085946534,20.827025679482034,0.028725146013818294,20.687418516527355,0.019652212821606445,20.658779739008114,0.046766109897757806,20.70263953709772,0.10706303399688606,5812.5,5.0,-2.4,-38.179604,-38.690618,-38.803592,-38.796877,-38.829932,-38.751337,-38.559983,-38.084762,59.50774486110037,0.025403406249592628,0.023656935553392395,19.89721781205871,0.025403406249592628,19.58993910789909,0.025403406249592628,19.594625463624233,0.025403406249592628,-999,-999,-999,-999,-999,-999,-999,-999,-999,-999,-999,-999,-999,436527104.0,52.0,64.0,5.0,262144005.0,655488.0,196608.0,262144069.0,524416.0,196608.0,262144069.0,524416.0,196608.0,195035141.0,524416.0,196608.0,195035141.0,655360.0,196608.0
1.066133504476525e+17,335.04475543,0.01875999942421913,-1.1565675,0.022210000082850456,21.39165256312612,0.04045306395144749,21.05392771251339,0.0286820798436245,21.06978163907553,0.03184410223052837,20.97072904386831,0.06678207086632064,21.393179144515337,0.1856510213824279,6875.0,5.0,-2.5,-39.161041,-39.416636,-39.418749,-39.332199,-39.312015,-39.117503,-38.799588,-38.311315,60.503982020619745,0.041182183363011375,0.3885485173719604,20.527288971578084,0.041182183363011375,20.34657126741847,0.041182183363011375,20.364309623143605,0.041182183363011375,-999,-999,-999,-999,-999,-999,-999,-999,-999,-999,-999,-999,-999,436527104.0,52.0,46.0,5.0,195035141.0,524416.0,196608.0,262144069.0,524416.0,196608.0,262144005.0,524416.0,196608.0,195035141.0,655360.0,196608.0,195035141.0,655360.0,196608.0
1.063933481564976e+17,334.81567055,0.004009999800473452,-1.33570503,0.0031399999279528856,17.341919841357377,0.002262774781983677,16.349381822332823,0.0009132732392529487,16.082976772212156,0.000820789614265224,15.929762961610644,0.001433983063314325,15.83103833275795,0.002303717026318353,4812.5,0.0,-2.2,-36.820573,-37.716775,-37.960389,-38.057107,-38.250288,-38.290179,-38.190414,-37.764768,54.06804234605419,0.0007480998029039687,0.11018466713313066,14.918673297012528,0.0007480998029039687,14.519805592852919,0.0007480998029039687,14.474916948578057,0.0007480998029039687,2.6775250809636065e+18,334.8156684665936,0.060867578,-1.3357088860641664,0.053035904,1.1669144892833763,0.0696417,10.844978,-3.7211752611018563,0.063997574,-10.186579431716801,0.069290034,1.0514458,503635968.0,60.0,82.0,10.0,262144069.0,524416.0,0.0,262144069.0,524416.0,0.0,262144069.0,524416.0,0.0,262144069.0,524416.0,0.0,262144069.0,524416.0,0.0
1.0648335232346493e+17,335.23235994,0.03922000154852867,-1.26298656,0.04104999825358391,23.23692058647398,0.19468603319440564,22.418692926535577,0.08251544432315419,21.567669445610363,0.046122074541124866,21.070823034158956,0.08429903073355888,20.68500697706908,0.10179900890318894,3600.0,5.25,-3.9,-35.051259,-36.089317,-36.781863,-36.949897,-37.401318,-37.628562,-37.949038,-37.48536,58.25055339396959,0.05071806803461146,1.8822058677198514,19.762801344927926,0.05071806803461146,18.94369264076831,0.05071806803461146,18.93683599649345,0.05071806803461146,-999,-999,-999,-999,-999,-999,-999,-999,-999,-999,-999,-999,-999,436527104.0,52.0,14.0,5.0,35667969.0,0.0,196608.0,35667969.0,0.0,196608.0,35651585.0,128.0,196608.0,35651585.0,0.0,196608.0,35651585.0,0.0,196608.0
1.065833493851748e+17,334.9384849,0.014120000414550304,-1.17973981,0.021719999611377716,20.8510127249736,0.024072251431373676,20.24105614120273,0.012621598444031119,19.856924243251537,0.011175508833749367,19.71592616054619,0.025035210820801276,19.59599278722763,0.03885409068827575,4700.0,4.0,-1.6,-36.731819,-37.36648,-37.651371,-37.783224,-37.868712,-37.982182,-38.075466,-37.651744,57.53250361144034,0.010954582927716734,0.26016398934568535,18.691131562398677,0.010954582927716734,18.099214858239066,0.010954582927716734,18.0524022139642,0.010954582927716734,2.6776225939010703e+18,334.93848902603236,0.8144444,-1.1797414904283567,0.76892656,-1.1051614072508256,0.9357397,14.270089,2.5346553253145743,0.9705282,-14.043181912976673,0.9776615,1.1475861,436527104.0,52.0,71.0,5.0,262144069.0,524416.0,196608.0,262144069.0,524416.0,196608.0,262144005.0,524416.0,196608.0,262144069.0,524416.0,196608.0,195035141.0,524416.0,196608.0
1.0648335219370371e+17,335.21931872,0.009569999761879444,-1.26399362,0.009990000165998936,21.358857015073497,0.035014053361554436,20.525097349088266,0.01616528495765943,20.09168405122321,0.015110290583410608,19.870464682245625,0.02673519076432491,19.860840144318153,0.05410706133720692,4437.5,3.5,1.0,-36.39934,-37.144417,-37.502946,-37.669256,-37.763834,-37.895412,-37.987993,-37.6152,57.637347248389744,0.014639625355638492,0.278278946657946,18.882745199348083,0.014639625355638492,18.291531495188465,0.014639625355638492,18.193789850913603,0.014639625355638492,2.677611530065746e+18,335.21931341663947,1.2157819,-1.2639933107193322,1.6772959,nan,nan,nan,nan,nan,nan,nan,nan,436527104.0,52.0,67.0,5.0,262144069.0,655488.0,196608.0,262144069.0,524416.0,196608.0,262144069.0,524416.0,196608.0,262144069.0,524416.0,196608.0,195035141.0,524416.0,196608.0
1.0645335157968878e+17,335.15797272,0.010440000332891941,-1.28474215,0.011380000039935112,20.92426701157286,0.026763049024500694,20.59999622320336,0.015117413131565916,20.617668220705685,0.017786288300988346,20.54612623770828,0.043352120551279266,20.636876583545458,0.11021803491144039,6375.0,4.75,-0.3,-38.725391,-39.004892,-39.063654,-39.040965,-39.022913,-38.896414,-38.670738,-38.188544,59.636549855347134,0.02472939190553321,0.02698646911074233,19.880945806305473,0.02472939190553321,19.607989102145858,0.02472939190553321,19.619648457870994,0.02472939190553321,2.6776110490289126e+18,335.15797479367137,1.294613,-1.2847414395032983,1.3259511,0.19043184351347286,1.2576568,4.181126,-4.03003947500582,1.5643635,-1.1138207441592454,1.5223477,1.0746195,436527248.0,52.0,72.0,5.0,262144069.0,524416.0,196608.0,262144069.0,524416.0,196608.0,262144069.0,524416.0,196608.0,195035141.0,524416.0,196608.0,195035141.0,524416.0,196608.0
1.0670335084128648e+17,335.08413861,0.011839999817311764,-1.07835513,0.011939999647438526,22.761354162143142,0.16496527807276384,21.927927290799964,0.0522253655713661,20.3178090386346,0.01802305992630152,19.590634166236025,0.019111165994555333,19.377538475521092,0.03400004971186148,3500.0,3.25,-3.0,-33.677217,-34.602317,-35.952519,-36.488743,-36.782246,-37.192955,-37.549409,-37.234588,56.29566102666698,0.035657875715681485,4.49053343784699,18.243515977625318,0.035657875715681485,17.388429273465704,0.035657875715681485,17.232715629190835,0.035657875715681485,-999,-999,-999,-999,-999,-999,-999,-999,-999,-999,-999,-999,-999,436527104.0,52.0,42.0,5.0,44040197.0,532480.0,196608.0,195035141.0,655360.0,196608.0,262144005.0,524416.0,196608.0,262144069.0,524416.0,196608.0,262144069.0,655488.0,196608.0
1.066733516847594e+17,335.16846993,0.0032399999909102917,-1.1008797,0.0013500000350177288,15.172591383446543,0.0007102496675130119,14.758707155995817,0.00044202992748063904,14.50701075645029,0.0005382005064544464,14.548777794197003,0.0007051893261696023,14.52133685361489,0.0008835284750126568,5625.0,5.0,0.2,-37.98957,-38.398235,-38.550954,-38.58881,-38.606223,-38.566218,-38.458202,-37.99952,53.1284431887409,0.00030115905326192233,0.06875650761293166,13.703035139699242,0.00030115905326192233,13.312418435539627,0.00030115905326192233,13.300565791264768,0.00030115905326192233,2.6776180627105997e+18,335.16846934066467,0.026257595,-1.1008837122121642,0.02908964,1.0099913134136358,0.030569421,9.490696,1.914788626709971,0.034309983,-9.295530879172757,0.03781141,1.0899134,503635968.0,60.0,80.0,5.0,262144069.0,524416.0,196608.0,262144069.0,524416.0,196608.0,262144069.0,524416.0,196608.0,262144069.0,524416.0,196608.0,262144069.0,524416.0,196608.0
1.0642334768690774e+17,334.76870934,0.007780000101774931,-1.31056025,0.007340000011026859,15.998710969860701,0.0012369787127232584,15.717091348506088,0.0006305527597346094,15.593661858494952,0.0006081083304877226,15.657040377763245,0.0013024124861303853,15.672992704410552,0.002511587784113775,6312.5,5.0,-0.2,-38.66402,-38.953532,-39.0211,-38.999195,-38.987727,-38.869135,-38.656563,-38.176125,54.6530142518071,0.0006419302249150092,0.012513436578376384,14.924689202765439,0.0006419302249150092,14.638628498605826,0.0006419302249150092,14.648531854330963,0.0006419302249150092,2.6775260816909537e+18,334.7687052130403,0.06137106,-1.310561800678649,0.07264369,0.3809981005671091,0.065140426,2.8686104,-1.7482613695151232,0.06919694,-2.2743147336490477,0.09048865,1.2377642,503635968.0,60.0,82.0,5.0,262144069.0,524416.0,196608.0,262144069.0,524416.0,196608.0,262144069.0,524416.0,196608.0,262144069.0,524416.0,196608.0,262144069.0,524416.0,196608.0
1.0661334946805336e+17,334.94679693,0.003289999905973673,-1.15593471,0.002859999891370535,18.68001588918277,0.004875167895134357,18.00997569970558,0.0021398407644828356,17.727084144572153,0.0020241687382299973,17.5978190935121,0.0046072284967858335,17.51038590662902,0.006502601431151236,4800.0,4.75,-2.0,-36.9409,-37.543999,-37.800271,-37.920648,-37.995828,-38.099524,-38.195598,-37.757232,55.54538534672032,0.0019591204085295465,0.1272367826319084,16.58667129767866,0.0019591204085295465,15.99196459351905,0.0019591204085295465,15.959795949244183,0.0019591204085295465,2.677622834419254e+18,334.9467827032449,0.1759221,-1.155937322226357,0.208764,0.32240716413674353,0.17616643,10.532679,-8.35411950715391,0.20668073,-6.414515178734249,0.26310903,1.0565624,503635968.0,60.0,86.0,5.0,262144069.0,524416.0,196608.0,262144069.0,524416.0,196608.0,262144069.0,524416.0,196608.0,262144069.0,524416.0,196608.0,262144069.0,524416.0,196608.0
1.0666335061374554e+17,335.0613925,0.007819999940693378,-1.11241329,0.005640000104904175,20.10922466665986,0.013872961367999936,19.686804815903336,0.007288520663871081,19.495261808698046,0.00667006474732986,19.414769560482398,0.014926367263573286,19.548929343552416,0.03952509324404901,5750.0,5.0,0.3,-38.09634,-38.468469,-38.614082,-38.648927,-38.657804,-38.600847,-38.469891,-38.014439,58.14812243905921,0.009110654839158615,0.07390443206257981,18.688085390017545,0.009110654839158615,18.320408685857934,0.009110654839158615,18.305326041583065,0.009110654839158615,2.6776284006968965e+18,335.0613921077194,0.4073844,-1.1124140622958432,0.39841515,0.2380201761138948,0.4884525,3.8592606,-2.856470949866996,0.49293953,-2.595085072385068,0.47777826,0.9392126,436527104.0,52.0,91.0,5.0,262144069.0,524416.0,196608.0,262144069.0,524416.0,196608.0,262144069.0,524416.0,196608.0,262144069.0,524416.0,196608.0,195035141.0,524416.0,196608.0
1.0637334953647301e+17,334.95364927,0.0025400000158697367,-1.35619625,0.0020000000949949026,18.545620565935323,0.00441176604193968,18.05765801957828,0.0024809899619076263,17.85463403811458,0.002246792259416885,17.790680954282628,0.004418283106212506,17.734142141172097,0.00864145352214214,5375.0,1.0,0.4,-37.746632,-38.192388,-38.378822,-38.443225,-38.475465,-38.460639,-38.376333,-37.925856,56.243853543816584,0.002234842373312801,0.05892579336870045,16.924024494774923,0.002234842373312801,16.509697790615306,0.002234842373312801,16.48964014634044,0.002234842373312801,2.677605998147312e+18,334.9536476370878,0.1768577,-1.3561997780786235,0.14933512,0.5370257012508561,0.21657242,9.301685,-2.6800857821816373,0.18069066,-8.90721564155695,0.19472526,1.0528624,503635968.0,60.0,83.0,5.0,262144069.0,524416.0,196608.0,262144069.0,524416.0,196608.0,262144069.0,524416.0,196608.0,262144069.0,524416.0,196608.0,262144069.0,524416.0,196608.0
1.0656334895658592e+17,334.89566225,0.00877000018954277,-1.19545524,0.008870000019669533,21.471315632264016,0.038895041885060794,20.513501537291038,0.015527261081248711,20.05053098912162,0.011756350887238226,19.84248701109507,0.02644119130773578,19.700164461436845,0.049454066995246806,4187.5,2.5,0.3,-35.884091,-36.756174,-37.157633,-37.356234,-37.485837,-37.7126,-37.976803,-37.579925,57.24359372624172,0.014194327382799658,0.3388242517809506,18.671803677200057,0.014194327382799658,17.908967973040447,0.014194327382799658,17.835311328765577,0.014194327382799658,2.67762228466372e+18,334.8956729160773,1.4786803,-1.1954638725677758,1.7290428,2.8384234780690436,1.5060849,19.859049,9.870763416105401,2.5362449,-17.232233036673158,2.3866558,1.1135683,436527104.0,52.0,71.0,10.0,262144005.0,655488.0,0.0,262144069.0,524416.0,0.0,262144069.0,524416.0,0.0,262144005.0,524416.0,0.0,195035141.0,524416.0,0.0
1.0670335067607034e+17,335.06758101,0.01143999956548214,-1.08353065,0.01310999970883131,21.04879009383058,0.03595399956883947,20.755629504785162,0.01870423256680562,20.57372916681577,0.018075235998109517,20.535549518602732,0.04240112042655579,20.6943048882614,0.12477202411581599,6187.5,5.0,0.5,-38.466578,-38.745304,-38.846586,-38.856029,-38.845853,-38.751432,-38.574688,-38.100484,59.473670634459125,0.027810189192223535,0.07639007704589361,19.863048585417463,0.027810189192223535,19.541159881257848,0.027810189192223535,19.544829236982984,0.027810189192223535,2.6776292940501094e+18,335.06758810363783,5.828826,-1.083530665383813,2.887799,nan,nan,nan,nan,nan,nan,nan,nan,436527104.0,52.0,68.0,5.0,262144005.0,524416.0,196608.0,262144069.0,524416.0,196608.0,262144069.0,524416.0,196608.0,195035141.0,655488.0,196608.0,195035141.0,524416.0,196608.0
1.0656334998923669e+17,334.99893589,0.01800999976694584,-1.19489254,0.019169999286532402,22.701720146630887,0.13906242244786943,21.654106790125383,0.03748525166951061,20.873919935372037,0.023385007178982106,20.326146488185778,0.04117508577500228,20.099535087635427,0.10508601705957021,3600.0,5.25,-3.9,-35.051259,-36.089317,-36.781863,-36.949897,-37.401318,-37.628562,-37.949038,-37.48536,57.58581648958992,0.03689380363181892,1.301059375023786,19.098064440548253,0.03689380363181892,18.27895573638864,0.03689380363181892,18.272099092113777,0.03689380363181892,-999,-999,-999,-999,-999,-999,-999,-999,-999,-999,-999,-999,-999,436527104.0,52.0,44.0,10.0,195035141.0,655360.0,0.0,262144005.0,655488.0,0.0,262144005.0,524416.0,0.0,195035141.0,655488.0,0.0,195035141.0,655360.0,0.0
1.0659335167538789e+17,335.16756088,0.0016299999551847577,-1.1687981,0.0027799999807029963,17.488863108741366,0.0023780483420708723,16.98014383959329,0.001301199412247198,16.905630959785963,0.0011586725701518352,16.797165634754457,0.002368412814564101,16.77122370903513,0.004815822754771508,5562.5,0.0,-0.4,-38.002468,-38.465136,-38.592615,-38.633045,-38.676676,-38.600702,-38.426128,-37.970252,55.462593450382045,0.0012246188634517634,0.029419935908288106,16.002701401340385,0.0012246188634517634,15.67864269718077,0.0012246188634517634,15.663984052905905,0.0012246188634517634,2.6776153439962813e+18,335.1675617400073,0.07262839,-1.16880294385627,0.07498524,0.3999508906165721,0.08126961,12.0648985,3.104189139255961,0.09148623,-11.658721571259967,0.08619959,0.96937156,503635968.0,60.0,89.0,5.0,262144069.0,524416.0,196608.0,262144069.0,524416.0,196608.0,262144069.0,524416.0,196608.0,262144069.0,524416.0,196608.0,262144069.0,524416.0,196608.0
1.0624334885992037e+17,334.88598668,0.01916000060737133,-1.46678163,0.014840000309050083,20.796096238224248,0.0233682992666581,20.071892313355253,0.010804737105673196,19.784240709833558,0.009035647869984549,19.69362800771698,0.022800233540534124,19.582796948576057,0.047857076180128404,4937.5,1.0,-0.2,-37.126478,-37.820917,-38.055475,-38.143394,-38.237087,-38.291813,-38.276258,-37.828177,57.86240104354122,0.011924115190625544,0.11592067188531674,18.71139799449956,0.011924115190625544,18.228320290339944,0.011924115190625544,18.205866646065083,0.011924115190625544,2.67751106219031e+18,334.88598357443453,0.66947955,-1.466787077091982,0.6114905,1.4377198117442638,0.76522905,13.086037,-2.9500244699014018,0.7175914,-12.749184385659431,0.7217919,0.95538455,436527104.0,52.0,75.0,5.0,262144069.0,524416.0,196608.0,262144069.0,524416.0,196608.0,262144069.0,524416.0,196608.0,262144069.0,524416.0,196608.0,195035141.0,524416.0,196608.0
1.0654335076241408e+17,335.07622153,0.0016700000269338489,-1.21366745,0.002460000105202198,16.437981260248254,0.0013103828372018841,16.091889669457625,0.0007772912351425416,15.983009845221538,0.0007128100808042264,15.949048357069577,0.0014419821398192487,15.91230189468575,0.0023976621487694244,5812.5,0.0,-0.2,-38.318111,-38.659819,-38.740386,-38.766368,-38.80446,-38.682932,-38.470614,-38.009671,54.732675005336546,0.0006529159004575741,0.016522436942023724,15.190552956294884,0.0006529159004575741,14.904238252135272,0.0006529159004575741,14.89464660786041,0.0006529159004575741,2.6776154513704837e+18,335.07621893802116,0.049972124,-1.2136719177008612,0.052417856,0.3026954242808968,0.058894277,12.993546,-5.26065164826935,0.058242608,-11.880983618134966,0.06461854,1.0131874,503635968.0,60.0,89.0,10.0,262144069.0,524416.0,196608.0,262144069.0,524416.0,196608.0,262144069.0,524416.0,196608.0,262144069.0,524416.0,196608.0,262144069.0,524416.0,196608.0
1.0677335084598069e+17,335.08461167,0.0034600000362843275,-1.02480026,0.0021100000012665987,20.483096465906417,0.024294506198410382,19.292758043477157,0.006009293897822376,18.377885432005833,0.004014439975169281,18.08858629669099,0.006105869016040641,17.76948118950266,0.00960237146582907,3500.0,5.25,-4.0,-34.684886,-35.794762,-36.506989,-36.718367,-37.250151,-37.556015,-37.860125,-37.399868,54.99339248551661,0.005556752818321349,1.0133769428538917,16.578187436474945,0.005556752818321349,15.775444732315336,0.005556752818321349,15.765167088040473,0.005556752818321349,2.6776312181954867e+18,335.08461087457147,0.2824615,-1.0248006980598616,0.29153824,1.186109412083779,0.32095143,3.2977834,-2.1136840842537516,0.35466778,-2.531346320644488,0.33855775,1.0721805,503635968.0,60.0,70.0,5.0,262144005.0,524416.0,196608.0,262144005.0,524416.0,196608.0,262144069.0,524416.0,196608.0,262144069.0,524416.0,196608.0,262144069.0,524416.0,196608.0
1.0640334997580189e+17,334.99757836,0.014709999784827232,-1.33210057,0.01761000044643879,22.875367221119014,0.14555526870924104,21.595745137874736,0.03921729006568536,20.62532504751355,0.017895018323219134,20.23100609024801,0.04299907920405874,19.77620630967884,0.07357202749163613,3500.0,5.25,-3.9,-34.511306,-35.645233,-36.434822,-36.706275,-37.18012,-37.486433,-37.757966,-37.336244,57.11628116128683,0.03481742541402554,1.3831007942474416,18.77065811224517,0.03481742541402554,18.00049240808555,0.03481742541402554,17.951679763810688,0.03481742541402554,-999,-999,-999,-999,-999,-999,-999,-999,-999,-999,-999,-999,-999,436527104.0,52.0,50.0,5.0,195035141.0,655360.0,196608.0,262144005.0,524416.0,196608.0,262144005.0,524416.0,196608.0,195035141.0,655488.0,196608.0,195035141.0,655360.0,196608.0
1.0631335190702496e+17,335.19073574,0.0019000000320374966,-1.40457738,0.0035000001080334187,18.44838879018218,0.004635610896775171,17.520894753332357,0.001765291804333993,17.081380564083716,0.0015793436527034295,16.93387938293815,0.002482280425846025,16.832756118985785,0.004250919941534296,4500.0,0.5,0.2,-36.390497,-37.244341,-37.593089,-37.747509,-37.860767,-38.003006,-38.127298,-37.695834,54.730700521904446,0.001432920184461875,0.2590427545638294,15.868504472862785,0.001432920184461875,15.245579768703166,0.001432920184461875,15.20650912442831,0.001432920184461875,2.677556245246119e+18,335.1907394507691,0.11644447,-1.40458063438599,0.09817995,0.6883287970610243,0.13682033,13.656736,8.923576003224007,0.13389592,-10.338096106427788,0.12722978,1.0265911,503635968.0,60.0,74.0,10.0,262144069.0,524416.0,0.0,262144069.0,524416.0,0.0,262144069.0,524416.0,0.0,262144069.0,524416.0,0.0,262144069.0,524416.0,0.0
1.0673334888026123e+17,334.88802526,0.008539999835193157,-1.05770159,0.012009999714791775,19.497474319633266,0.011388498591255241,18.92485449639414,0.004788522991036857,18.656378755778533,0.004574636299586802,18.516002474213312,0.007579730923103013,18.420467874864293,0.015901237829317877,4900.0,5.0,-2.0,-37.133188,-37.691784,-37.934121,-38.034155,-38.104453,-38.186576,-38.247609,-37.807096,56.58257578417671,0.004399349202977106,0.14088287820311807,17.536809735135048,0.004399349202977106,16.97714403097544,0.004399349202977106,16.94712238670057,0.004399349202977106,2.677633245420035e+18,334.88802928372695,0.24849054,-1.057703054275735,0.27030632,0.4636270301017558,0.30565634,10.18209,1.152263124695114,0.319056,-10.116681869771087,0.31061402,1.13194,436527104.0,52.0,72.0,5.0,262144005.0,524416.0,196608.0,262144069.0,524416.0,196608.0,262144069.0,524416.0,196608.0,262144069.0,524416.0,196608.0,262144069.0,524416.0,196608.0
1.0648334795051029e+17,334.79514707,0.07203000038862228,-1.26679632,0.048969998955726624,22.845723699061185,0.19452833468023026,22.255010990029746,0.0876504189414797,21.47068762670416,0.04851207203940993,21.18858025054944,0.0881020291633992,20.98915816194782,0.16100501318339372,4187.5,3.0,1.0,-35.913883,-36.778682,-37.198332,-37.401268,-37.521537,-37.711104,-37.882151,-37.527022,58.71257254565847,0.05711807835721741,1.590418960513812,20.142278496616807,0.05711807835721741,19.47259879245719,0.05711807835721741,19.357193148182326,0.05711807835721741,-999,-999,-999,-999,-999,-999,-999,-999,-999,-999,-999,-999,-999,436527104.0,52.0,18.0,10.0,35651585.0,0.0,196608.0,35651585.0,0.0,196608.0,35651585.0,0.0,196608.0,35651585.0,0.0,196608.0,35651585.0,0.0,196608.0
1.0676334992720714e+17,334.99271499,0.00482999999076128,-1.02778961,0.002940000034868717,18.69316787143246,0.005201927873612147,17.594618063126248,0.0019762714353589133,17.163136523065145,0.0014836252322766384,16.99030325243651,0.0028669699885745647,16.861184209758992,0.004670834708752877,3900.0,5.25,-3.7,-35.814525,-36.908842,-37.305656,-37.3626,-37.605367,-37.723156,-38.037398,-37.577914,54.45987998396387,0.0015900070441379095,0.2568793478334273,15.877533934922209,0.0015900070441379095,15.064659230762594,0.0015900070441379095,15.053608586487735,0.0015900070441379095,2.6776329018226657e+18,334.992711716776,0.10039806,-1.0277919917395366,0.098043464,0.7940635635227639,0.11455648,7.168096,-4.583507969238764,0.13633542,-5.511175650475103,0.12751238,0.9708539,503635968.0,60.0,73.0,5.0,262144069.0,524416.0,196608.0,262144069.0,524416.0,196608.0,262144069.0,524416.0,196608.0,262144069.0,524416.0,196608.0,262144069.0,524416.0,196608.0
1.0620335025010302e+17,335.0249962,0.007519999984651804,-1.49782758,0.005260000005364418,21.785335332464925,0.05404602661758052,20.557725165279326,0.01660709460917133,19.545315537778446,0.009268298864342689,19.1195048533535,0.014304335665328937,18.809705278284085,0.028416108982230084,3600.0,5.25,-3.8,-34.710644,-35.721542,-36.595287,-36.865073,-37.264321,-37.534743,-37.866763,-37.442545,56.19489063343206,0.013106882492585861,1.3952649707784952,17.8009575843904,0.013106882492585861,16.970304880230785,0.013106882492585861,16.923988235955918,0.013106882492585861,2.677507248259412e+18,335.02499992427744,0.89345956,-1.4978292152893162,0.7565747,-1.5531490358199538,1.2307394,11.94981,7.731089656379195,0.91501504,-9.11198147524174,1.3355864,1.0413318,436527104.0,52.0,68.0,5.0,195035141.0,655360.0,196608.0,262144069.0,524416.0,196608.0,262144069.0,524416.0,196608.0,262144069.0,524416.0,196608.0,262144069.0,524416.0,196608.0
1.0679334989772416e+17,334.98979048,0.022360000759363174,-1.00528206,0.007499999832361937,21.21356611145524,0.03689624059219551,19.946044489139513,0.010655426355006506,18.660713760526356,0.004597947486045754,18.099450497661707,0.01578132255801017,17.780358566171877,0.009492353342194794,3400.0,5.25,-3.9,-33.768109,-34.920906,-35.953811,-36.371386,-36.883879,-37.315431,-37.613851,-37.226192,54.71964488499094,0.008567769173785239,2.3552093684002036,16.545023835949284,0.008567769173785239,15.747971131789669,0.008567769173785239,15.665095487514806,0.008567769173785239,2.6776336920969206e+18,334.9897970133621,0.33471936,-1.0052807420829613,0.30715314,2.3609412460242143,0.37858623,12.025316,12.022305528588408,0.41368234,-0.2690935563079581,0.38976893,0.9917463,503635968.0,60.0,59.0,5.0,262144005.0,524416.0,196608.0,262144069.0,524416.0,196608.0,262144069.0,524416.0,196608.0,262144005.0,524416.0,196608.0,262144069.0,524416.0,196608.0
1.0651334957912094e+17,334.95789875,0.0028099999763071537,-1.24126107,0.0033400000538676977,17.453602697897775,0.002213052731086506,16.869345183780883,0.0011933122848020723,16.667326097051465,0.0010514601366169497,16.599395280921623,0.002514272622038441,16.631157659351658,0.004212940310562235,5437.5,5.0,-1.7,-37.780811,-38.327761,-38.485758,-38.520451,-38.564659,-38.55156,-38.462459,-37.993898,55.18005338380068,0.0011224544159441985,0.05025082517085987,15.76930333475902,0.0011224544159441985,15.359771630599404,0.0011224544159441985,15.357797986324544,0.0011224544159441985,2.6776209789933266e+18,334.9578964637374,0.07669483,-1.2412626821730441,0.07366211,0.7031492871591695,0.09601107,5.3878527,-2.927098967190524,0.10179012,-4.523388800877778,0.10481974,1.0020686,503635968.0,60.0,91.0,5.0,262144069.0,524416.0,196608.0,262144069.0,524416.0,196608.0,262144069.0,524416.0,196608.0,262144069.0,524416.0,196608.0,262144069.0,524416.0,196608.0
1.0650334814028626e+17,334.81406479,0.0101500004529953,-1.24518281,0.011660000309348106,21.85760104391391,0.06300900870113894,20.722185342292946,0.019726032654743868,20.141713425644085,0.01390614962659547,19.809629827907536,0.02137721685799211,19.749216249999648,0.04616506455496179,4100.0,3.25,-3.0,-35.484719,-36.496665,-37.038981,-37.261196,-37.400321,-37.672168,-37.963183,-37.578721,57.19244557795163,0.016900687708127023,0.5369012035363845,18.66108752890997,0.016900687708127023,17.871439824750354,0.016900687708127023,17.78536718047549,0.016900687708127023,2.6776202917988777e+18,334.81406373621155,71.73889,-1.245194917098607,33.83128,nan,nan,nan,nan,nan,nan,nan,nan,436527104.0,52.0,68.0,10.0,195035141.0,655360.0,0.0,262144069.0,524416.0,0.0,262144069.0,524416.0,0.0,262144005.0,524416.0,0.0,195035205.0,524416.0,0.0
1.0650334780697016e+17,334.78072704,0.009270000271499157,-1.25021713,0.00406000018119812,15.10205347628501,0.0009147052045904915,14.694453757268363,0.00043937647151329065,14.615140433640756,0.0003491818557040458,14.62195221586482,0.000774451435676774,14.47890715533913,0.0009591712674288195,5812.5,0.0,-2.1,-38.292986,-38.712897,-38.793313,-38.795388,-38.858323,-38.714937,-38.469483,-38.012669,53.39308280767962,0.0003268914076484818,0.02924814802017371,13.818955758637959,0.0003268914076484818,13.565777054478346,0.0003268914076484818,13.552056410203479,0.0003268914076484818,2.6776231135920794e+18,334.7807246990335,0.028032223,-1.250222127211253,0.025242258,0.862624702342527,0.031846836,9.890755,5.592135493754951,0.031836145,-8.158127415410616,0.03224853,0.9777345,503635968.0,60.0,78.0,5.0,262144069.0,524416.0,196608.0,262144069.0,524416.0,196608.0,262144069.0,524416.0,196608.0,262144069.0,524416.0,196608.0,262144069.0,524416.0,196608.0
1.0646334972481573e+17,334.97249468,0.00215000007301569,-1.27893711,0.002570000011473894,19.194375517063058,0.006789494459096116,18.198328345938048,0.0024715653994085733,17.75964503738912,0.002071916458073274,17.543889784214038,0.004531240094387334,17.362568027718616,0.006646582192973614,4375.0,0.5,-0.5,-36.096094,-37.074638,-37.411049,-37.588082,-37.775876,-37.950371,-38.072404,-37.66399,55.20090914246458,0.0022018891887088474,0.334738293267673,16.391348093422923,0.0022018891887088474,15.770682389263307,0.0022018891887088474,15.708561744988446,0.0022018891887088474,2.677609056164091e+18,334.9724984504859,0.17560503,-1.2789357966619015,0.16843295,0.16376785555582535,0.21795714,8.976051,8.841486165845275,0.21571527,-1.5484256311501083,0.21667236,1.0791253,503635968.0,60.0,91.0,5.0,262144069.0,524416.0,196608.0,262144069.0,524416.0,196608.0,262144069.0,524416.0,196608.0,262144069.0,524416.0,196608.0,262144069.0,524416.0,196608.0
1.0628335003435866e+17,335.00342949,0.0017999999690800905,-1.4264712,0.0015300000086426735,17.26597591612304,0.002076005920735974,16.939824824257173,0.0012062896153004494,16.79342662947056,0.0012054164042260814,16.905250541402225,0.00380450326209648,16.68090533833933,0.006762586512930173,5937.5,0.0,-2.4,-38.440168,-38.843697,-38.905608,-38.889148,-38.954211,-38.775112,-38.494668,-38.037772,55.723643049918465,0.0016422519336893192,0.09400096126505567,16.089341000876804,0.0016422519336893192,15.871152296717192,0.0016422519336893192,15.85751365244233,0.0016422519336893192,2.677602287295515e+18,335.0034307047719,0.08733714,-1.4264705430582156,0.080615364,0.24680465921390168,0.106498815,2.8146653,2.8146631838228293,0.08515473,-0.0035390987959045554,0.10150361,0.95328754,503635968.0,60.0,82.0,5.0,262144069.0,524416.0,196608.0,262144069.0,524416.0,196608.0,262144069.0,524416.0,196608.0,262144069.0,524416.0,196608.0,262144069.0,524416.0,196608.0
1.0652334860498578e+17,334.86047077,0.010040000081062317,-1.22887511,0.010089999996125698,21.98357631044001,0.06874902295017582,21.025625306773122,0.02475201120457003,20.247533319610046,0.01294513240671541,19.791833365610792,0.02214420543757058,19.617919699591813,0.05306005298602206,3700.0,5.25,-3.8,-35.321296,-36.317193,-36.986985,-37.128968,-37.499213,-37.672445,-37.998751,-37.539705,57.184028600405156,0.018774878668735152,1.155166398606924,18.65239355136349,0.018774878668735152,17.82745484720388,0.018774878668735152,17.81596620292902,0.018774878668735152,-999,-999,-999,-999,-999,-999,-999,-999,-999,-999,-999,-999,-999,436527104.0,52.0,67.0,5.0,195035141.0,655360.0,196608.0,262144069.0,524416.0,196608.0,262144069.0,524416.0,196608.0,262144069.0,524416.0,196608.0,195035141.0,524288.0,196608.0
1.063833508227732e+17,335.0822553,0.013949999585747719,-1.3476449,0.01425000000745058,22.928053064111758,0.19717042556778905,21.55202602952443,0.04288383579033779,20.485008648108376,0.01848817996328455,20.018334136476255,0.02830009805812552,19.79483956840925,0.05218302327569888,3500.0,5.25,-3.8,-34.337726,-35.495704,-36.362655,-36.694183,-37.110089,-37.41685,-37.655807,-37.27262,56.95572368932602,0.042228415247234724,1.5451743876891664,18.679683640284363,0.042228415247234724,17.942093936124742,0.042228415247234724,17.854746291849878,0.042228415247234724,-999,-999,-999,-999,-999,-999,-999,-999,-999,-999,-999,-999,-999,436527104.0,52.0,48.0,5.0,195035141.0,655360.0,196608.0,195035141.0,655488.0,196608.0,262144069.0,524416.0,196608.0,262144069.0,524416.0,196608.0,195035141.0,655360.0,196608.0
1.0652335085365707e+17,335.08535627,0.0019600000232458115,-1.22782078,0.001509999972768128,17.11584758584549,0.0017361176585951091,16.621513766386965,0.0009883925244503007,16.49736611261592,0.0008871548694350549,16.467870799055966,0.0022145858937095858,16.38332837934373,0.002870384379686628,5625.0,0.0,-1.9,-38.064779,-38.548573,-38.661975,-38.674825,-38.744551,-38.642419,-38.434213,-37.977805,55.156125928649615,0.0008466773939820009,0.020869366788627233,15.654516879607957,0.0008466773939820009,15.36409017544834,0.0008466773939820009,15.349963531173481,0.0008466773939820009,2.6776153783559813e+18,335.08535723225754,0.068660624,-1.2278226443519296,0.07215607,0.5017301023238407,0.08079135,5.4573493,2.3235477724569917,0.07719035,-4.937994448094743,0.08716664,0.9499467,503635968.0,60.0,96.0,5.0,262144069.0,524416.0,196608.0,262144069.0,524416.0,196608.0,262144069.0,524416.0,196608.0,262144069.0,524416.0,196608.0,262144069.0,524416.0,196608.0
1.064633488777303e+17,334.88777811,0.002139999996870756,-1.283472,0.0021699999924749136,18.00267177368768,0.002949389250418958,17.348052400653035,0.0018085539983277363,17.16197834741137,0.0014848896262330115,17.009402989845615,0.0030868455462275735,16.88026661952831,0.004017982194508073,4900.0,5.0,-2.0,-37.133188,-37.691784,-37.934121,-38.034155,-38.104453,-38.186576,-38.247609,-37.807096,55.06001462622521,0.0012624968603382344,0.11917710000275686,16.014248577183547,0.0012624968603382344,15.454582873023938,0.0012624968603382344,15.424561228749072,0.0012624968603382344,2.6776195015245517e+18,334.88777682511096,0.12989974,-1.2834732822132813,0.14408392,0.3036834915711106,0.13494459,4.431171,0.7913051512002781,0.15304232,-4.359943891955807,0.19356026,1.0111736,503636096.0,60.0,81.0,5.0,262144069.0,524416.0,196608.0,262144069.0,524416.0,196608.0,262144069.0,524416.0,196608.0,262144069.0,524416.0,196608.0,262144069.0,524416.0,196608.0
1.0659334926363086e+17,334.92635389,0.002090000081807375,-1.17466756,0.0014199999859556556,16.687831677445782,0.0015680705794774855,15.799351888843692,0.0007175750438994682,15.4940149484132,0.0006176040788009217,15.289154297254289,0.0011788602537327224,15.155526412302702,0.0012970624780028587,4625.0,1.0,-0.6,-36.593405,-37.437761,-37.717772,-37.851492,-37.99854,-38.116876,-38.174364,-37.743093,53.204969844851945,0.0005070414836549535,0.1849686164787518,14.228903795810286,0.0005070414836549535,13.672783091650672,0.0005070414836549535,13.633519447375805,0.0005070414836549535,2.677622426397385e+18,334.9263528170497,0.041570485,-1.1746681014496159,0.039386284,0.005909715212141418,0.04745918,1.535462,0.6337237927334882,0.048982315,-1.398584224203284,0.051046655,1.0718154,503635968.0,60.0,79.0,5.0,262144069.0,524416.0,196608.0,262144069.0,524416.0,196608.0,262144069.0,524416.0,196608.0,262144069.0,524416.0,196608.0,262144069.0,524416.0,196608.0
1.0660335161859347e+17,335.16181016,0.007770000025629997,-1.16410055,0.007699999958276749,20.25674292774959,0.0186633159027404,20.092353643799093,0.010641822170634047,19.972246131562223,0.013585455121777378,20.003823776105772,0.02811119035282646,20.003173420506815,0.0553660637144032,6312.5,2.0,1.0,-38.701188,-38.889659,-38.944586,-38.94447,-38.941968,-38.81452,-38.591726,-38.117734,58.950042179944695,0.013419049690261836,0.017202808821925604,19.276332130903032,0.013419049690261836,19.000493426743418,0.013419049690261836,19.003950782468557,0.013419049690261836,2.677616099910529e+18,335.1618061736803,0.57408667,-1.1641022681635815,0.5582082,-0.2791056958034087,0.68879855,3.4052184,0.6761625898282118,0.7157178,-3.337411639864182,0.68528944,0.969792,436527104.0,52.0,65.0,5.0,262144069.0,655488.0,196608.0,262144069.0,524416.0,196608.0,262144069.0,524416.0,196608.0,262144069.0,524416.0,196608.0,195035141.0,524416.0,196608.0
1.064333522420784e+17,335.22430864,0.016450000926852226,-1.30176361,0.016419999301433563,22.163814621508216,0.08818318874426763,21.24564795180334,0.03675900831971284,20.719353965276476,0.02362702675924632,20.3159897322794,0.03399212475502203,20.081970085069848,0.06817103966425324,3700.0,5.25,-3.9,-35.71008,-36.718308,-37.208436,-37.24002,-37.662846,-37.780598,-38.100624,-37.598092,57.81329327118746,0.02489055327428795,0.8250418266604452,19.173505222145803,0.02489055327428795,18.354846517986182,0.02489055327428795,18.38684387371132,0.02489055327428795,-999,-999,-999,-999,-999,-999,-999,-999,-999,-999,-999,-999,-999,436527104.0,52.0,46.0,5.0,195035141.0,655360.0,196608.0,262144005.0,655488.0,196608.0,262144069.0,524416.0,196608.0,262144069.0,655488.0,196608.0,195035141.0,655360.0,196608.0
1.0632334995791126e+17,334.99577868,0.0020699999295175076,-1.39930878,0.0016799999866634607,17.57089395928528,0.0023531351795319,17.089070079500758,0.0014112061686364146,16.924291910893096,0.0013266825223257536,16.85867533674533,0.0026271740423212658,16.78803438023688,0.004330914204518997,5437.5,0.0,0.2,-37.851637,-38.297828,-38.460022,-38.516723,-38.555396,-38.517522,-38.39562,-37.942121,55.38251433333227,0.0011823315243051553,0.047373414895969364,16.005802284290606,0.0011823315243051553,15.62907158013099,0.0011823315243051553,15.61203593585613,0.0011823315243051553,2.677602635188007e+18,334.9957774572429,0.09683997,-1.3993077308736384,0.08863348,0.6383056463612428,0.118425615,3.8713048,-3.8669391769882413,0.09540311,0.18379711510044913,0.111714005,0.94876647,503635968.0,60.0,80.0,5.0,262144069.0,524416.0,196608.0,262144069.0,524416.0,196608.0,262144069.0,524416.0,196608.0,262144069.0,524416.0,196608.0,262144069.0,524416.0,196608.0
1.0675335080713494e+17,335.08071434,0.001769999973475933,-1.0379439,0.0029899999499320984,18.567717204688602,0.005665525243903173,17.338304890731358,0.0017510572918104106,16.741020549726713,0.001313282946006988,16.441045010194774,0.0021556152559788176,16.280235202365798,0.0026584619942205193,3800.0,5.25,-3.7,-35.397698,-36.404124,-37.058686,-37.228045,-37.514694,-37.683869,-38.007623,-37.567673,53.79431397154144,0.0013943197241852799,0.5117048384922556,15.251254922499779,0.0013943197241852799,14.428868218340163,0.0013943197241852799,14.398283574065305,0.0013943197241852799,2.677631183835742e+18,335.08071056718165,0.09302848,-1.037948475887192,0.10304179,1.464076597396082,0.10873498,17.350447,-9.958693091612385,0.11860904,-14.207829307583898,0.11944223,1.0826186,503635968.0,60.0,81.0,5.0,262144069.0,524416.0,196608.0,262144069.0,524416.0,196608.0,262144069.0,524416.0,196608.0,262144069.0,524416.0,196608.0,262144069.0,524416.0,196608.0
1.0628334996623442e+17,334.9966207,0.005919999908655882,-1.42999323,0.006010000128298998,21.478046759421147,0.04432406289587424,20.34061085634592,0.017617177856748822,19.446315685559114,0.007114514096681898,18.9178755912077,0.010458474985329955,18.729269428390992,0.022204146621476913,3600.0,5.25,-3.8,-34.710644,-35.721542,-36.595287,-36.865073,-37.264321,-37.534743,-37.866763,-37.442545,56.01379706418498,0.010822213533787695,1.3066410794007244,17.619864015143317,0.010822213533787695,16.789211310983703,0.010822213533787695,16.742894666708835,0.010822213533787695,2.677602287295879e+18,334.99661858985144,0.73693824,-1.4299899638077695,0.6321405,1.213415343594073,0.98095757,3.92914,-3.881185792052599,0.6987375,0.6119962895281302,0.8229572,1.0777855,436527232.0,52.0,71.0,5.0,195035141.0,524416.0,196608.0,262144005.0,524416.0,196608.0,262144005.0,524416.0,196608.0,262144069.0,524416.0,196608.0,262144005.0,524416.0,196608.0
1.0647335072442864e+17,335.07237533,0.009859999641776085,-1.26823346,0.014209999702870846,20.33163123075763,0.017375500334177885,19.93614443748241,0.012150788335090715,19.849035429974442,0.010219637678243828,19.728850853890773,0.021912246040425094,19.75760534466823,0.047023076314651024,5687.5,0.0,0.1,-38.173518,-38.534859,-38.642187,-38.693395,-38.719798,-38.625668,-38.447696,-37.987149,58.4734048593547,0.011393519027818216,0.028420801085235557,18.988546810313043,0.011393519027818216,18.667886106153425,0.011393519027818216,18.65789846187856,0.011393519027818216,2.6776085407680215e+18,335.0723737721242,0.59311956,-1.2682351546912978,0.51384056,1.974018973353279,0.7026036,8.190539,-5.862792802175616,0.764986,-5.719492107977397,0.627485,0.89989483,436527104.0,52.0,71.0,5.0,262144069.0,524416.0,196608.0,262144069.0,524416.0,196608.0,262144069.0,524416.0,196608.0,262144069.0,524416.0,196608.0,195035141.0,524416.0,196608.0
1.064233493102355e+17,334.93102549,0.0022700000554323196,-1.3124641,0.003800000064074993,17.66621201282715,0.0023324379405563834,16.49344943440077,0.0013197191960523879,15.867992228819148,0.0007300368956131258,15.58164204917687,0.001429987217396738,15.380229794625562,0.001461700793553433,3700.0,5.25,-3.8,-35.321296,-36.317193,-36.986985,-37.128968,-37.499213,-37.672445,-37.998751,-37.539705,52.8486361039699,0.0006898206150507628,0.5302843905903795,14.317001054928237,0.0006898206150507628,13.492062350768627,0.0006898206150507628,13.480573706493766,0.0006898206150507628,2.677607411191642e+18,334.9310265004402,0.06714835,-1.3124623284601455,0.06469382,1.9758582568372403,0.07842576,2.5778303,2.52868079245646,0.0737204,-0.5009816186359917,0.077703916,1.1438866,503635968.0,60.0,75.0,5.0,262144069.0,524416.0,196608.0,262144069.0,524416.0,196608.0,262144069.0,524416.0,196608.0,262144069.0,524416.0,196608.0,262144069.0,524416.0,196608.0
1.0625334964732811e+17,334.96474038,0.007089999970048666,-1.4519705,0.0062699997797608376,21.900117272170657,0.06905700268979481,20.657475439614835,0.0192730135900867,19.634239882269853,0.007832218162215876,19.05590996289289,0.014906306777522685,18.798008087617475,0.025841110574919897,3600.0,5.25,-3.7,-34.370028,-35.353768,-36.408712,-36.78025,-37.127324,-37.440923,-37.784489,-37.399731,56.017166528913144,0.015609770391871104,1.7043759663663027,17.717053479871485,0.015609770391871104,16.874854775711867,0.015609770391871104,16.789078131437,0.015609770391871104,2.677508382130788e+18,334.9647413771195,0.9859218,-1.4519721212488155,0.71791303,-0.8333315988177609,1.3700347,6.923706,-0.7390292958888706,0.82304394,-6.884151446685723,0.9799979,0.9438419,436527104.0,52.0,62.0,5.0,195035141.0,655360.0,196608.0,262144069.0,524416.0,196608.0,262144069.0,524416.0,196608.0,262144069.0,524416.0,196608.0,262144069.0,524416.0,196608.0
1.0654334820497091e+17,334.82050424,0.007209999952465296,-1.21627718,0.0038499999791383743,19.411538885176878,0.008394791856105824,18.140592188998266,0.0026429263944251304,17.43985911162418,0.0015989073552701138,17.07626648467443,0.0025901565286770996,16.860458111971713,0.004095937040037274,3600.0,5.25,-3.9,-35.051259,-36.089317,-36.781863,-36.949897,-37.401318,-37.628562,-37.949038,-37.48536,54.24047375648909,0.0020346961055000275,0.6847164503037284,15.752721707447424,0.0020346961055000275,14.93361300328781,0.0020346961055000275,14.92675635901295,0.0020346961055000275,2.677623628988154e+18,334.82050319603513,0.1561872,-1.216277108218676,0.15023634,0.9857036120970532,0.18354633,4.0935493,-3.4405913742035517,0.2087753,-2.2179895059929176,0.17974125,1.1012807,503635968.0,60.0,85.0,5.0,262144069.0,524416.0,196608.0,262144069.0,524416.0,196608.0,262144069.0,524416.0,196608.0,262144069.0,524416.0,196608.0,262144069.0,524416.0,196608.0
1.0649335064491718e+17,335.0644792,0.006060000043362379,-1.25273471,0.009050000458955765,18.760743144341458,0.004629436487807893,18.113122831942068,0.0027942495799886356,17.885110462333483,0.002481405301521241,17.72870735415255,0.004652216648418839,17.632973350988827,0.007263538652165393,4900.0,4.75,-2.0,-37.043231,-37.62384,-37.868073,-37.971657,-38.041359,-38.123497,-38.177228,-37.73573,55.73376342875167,0.0020957003476227945,0.11793919385013363,16.75107637971001,0.0020957003476227945,16.198712675550397,0.0020957003476227945,16.169676031275536,0.0020957003476227945,2.677608609487507e+18,335.06447990587975,0.15972076,-1.2527348951703985,0.15743248,0.39978721284590696,0.1891685,4.811372,-2.3893037422352545,0.18393199,-4.176185850866439,0.1926836,1.0454426,503635968.0,60.0,90.0,5.0,262144069.0,524416.0,196608.0,262144069.0,524416.0,196608.0,262144069.0,524416.0,196608.0,262144069.0,524416.0,196608.0,262144069.0,524416.0,196608.0
1.0627335051160059e+17,335.05115159,0.034630000591278076,-1.44149523,0.04197999835014343,22.783285240119415,0.13817987453312988,21.848832287635297,0.04913021396934918,21.599605622537364,0.043896006647764815,21.206453056378063,0.08609503813604932,20.95042558647333,0.17012400541236006,4500.0,0.5,-2.0,-36.301178,-37.277828,-37.578006,-37.737632,-37.947234,-38.077281,-38.102119,-37.693965,59.04609595862869,0.04890351638051344,0.5207920672727423,20.10962490958703,0.04890351638051344,19.586154205427412,0.04890351638051344,19.523773561152552,0.04890351638051344,-999,-999,-999,-999,-999,-999,-999,-999,-999,-999,-999,-999,-999,436527104.0,52.0,24.0,5.0,35651585.0,0.0,196608.0,35651585.0,0.0,196608.0,35651585.0,128.0,196608.0,35651585.0,0.0,196608.0,35651585.0,0.0,196608.0
1.0649334969484182e+17,334.96946086,0.00430000014603138,-1.25719345,0.0017099999822676182,20.688475979825864,0.021040798633974463,19.522351704207527,0.006365353375949602,18.13181725611138,0.003093980266992336,17.655250533017245,0.004552176309388019,17.35525888658033,0.007766465406478881,3600.0,5.25,-3.6,-34.029413,-34.985993,-36.222136,-36.695426,-36.990327,-37.347104,-37.702214,-37.356916,54.45528987194847,0.004791016337732525,2.6399268618428064,16.24899582290681,0.004791016337732525,15.395253118747199,0.004791016337732525,15.270016474472337,0.004791016337732525,2.6776091592433183e+18,334.9694574083314,0.25663385,-1.2571954402644814,0.23542197,1.615102021818048,0.3116913,11.028106,-9.505231639945771,0.31679812,-5.591929898444438,0.30410287,0.955964,503635968.0,60.0,84.0,5.0,262144005.0,524416.0,196608.0,262144069.0,524416.0,196608.0,262144069.0,524416.0,196608.0,262144069.0,524416.0,196608.0,262144069.0,524416.0,196608.0
1.063233500277403e+17,335.0027389,0.016030000522732735,-1.40010656,0.004900000058114529,20.191060576824455,0.01712449495018006,19.857518878803454,0.010154937115602653,19.721423346841423,0.01101858862378975,19.73484950137533,0.02278523773110359,19.731003263874797,0.05211206850570741,6000.0,3.0,0.0,-38.408365,-38.740332,-38.835818,-38.83674,-38.84219,-38.749405,-38.562292,-38.093793,58.5798601135439,0.012251718430958729,0.014873175594337373,18.971265064502237,0.012251718430958729,18.659745360342626,0.012251718430958729,18.657709716067764,0.012251718430958729,2.6776026308929183e+18,335.00273983246444,0.6859893,-1.4001065790828715,0.56932014,-0.22928327133883475,0.8327064,2.3580494,-0.3241509170536052,0.6311763,-2.335663431476192,0.73703176,1.129439,436527104.0,52.0,61.0,5.0,262144069.0,524416.0,196608.0,262144069.0,524416.0,196608.0,262144069.0,524416.0,196608.0,262144069.0,524416.0,196608.0,195035141.0,524416.0,196608.0
1.0649334949207363e+17,334.94920665,0.0019499999471008778,-1.25567973,0.0018700000364333391,15.287836850071093,0.0007027439656656805,14.64317979016861,0.00041927698841993965,14.433890224736157,0.0003769573723442547,14.276804692498017,0.000546603937272681,14.215369041227998,0.0008218683032009356,4900.0,5.0,-2.0,-37.133188,-37.691784,-37.934121,-38.034155,-38.104453,-38.186576,-38.247609,-37.807096,52.350956319740376,0.0002672813129952102,0.09370696257358654,13.305190270698713,0.0002672813129952102,12.745524566539103,0.0002672813129952102,12.715502922264237,0.0002672813129952102,2.677620880209185e+18,334.94920960578213,0.02545104,-1.2556807506818988,0.025309987,0.6159494092273241,0.029003834,9.566802,8.838385986494343,0.03506079,-3.661507071341113,0.032884914,0.96702594,503635968.0,60.0,85.0,5.0,262144069.0,524416.0,196608.0,262144069.0,524416.0,196608.0,262144069.0,524416.0,196608.0,262144069.0,524416.0,196608.0,262144069.0,524416.0,196608.0
1.0650334823580589e+17,334.82359725,0.002409999957308173,-1.24546131,0.0024300001095980406,19.016520754144274,0.007699003261589261,17.92449260881431,0.0027828124676791085,17.44867223494745,0.0019071854648775618,17.267608601838702,0.003279708378113284,17.105890107358846,0.005026766839195948,3800.0,5.25,-3.8,-35.867083,-36.863333,-37.336236,-37.374505,-37.714677,-37.807618,-38.129643,-37.640044,54.78380366142073,0.0020657291666700077,0.2712599538007842,16.116995612379068,0.0020657291666700077,15.29633790821945,0.0020657291666700077,15.315402263944586,0.0020657291666700077,2.677620296093532e+18,334.8235977926479,0.16090181,-1.2454749496131963,0.13674384,0.9101621645527704,0.19024971,16.718672,1.6120093983073187,0.18740317,-16.640775617432237,0.17892095,1.1128024,503635968.0,60.0,77.0,5.0,262144069.0,524416.0,196608.0,262144069.0,524416.0,196608.0,262144069.0,524416.0,196608.0,262144069.0,524416.0,196608.0,262144069.0,524416.0,196608.0
1.065733477574996e+17,334.77580664,0.008290000259876251,-1.184021,0.0075599998235702515,18.026323586354486,0.0033425546491431574,16.862640189995467,0.0012380011962436625,15.627267171708429,0.0006257219209259754,15.112828310465906,0.0009460087301374272,14.706431252526983,0.0009142945495906814,3400.0,5.25,-4.0,-33.977897,-35.132432,-36.04554,-36.402014,-36.961987,-37.389647,-37.68894,-37.271563,51.77107210221026,0.0007701354038776305,2.3011106252017766,13.522235053168604,0.0007701354038776305,12.724309349008983,0.0007701354038776305,12.671151704734124,0.0007701354038776305,2.677624724204846e+18,334.77581675978104,0.052799117,-1.1840088916052343,0.047965042,6.299813518327382,0.06145422,37.59361,29.75838843347254,0.0662569,22.97210664948667,0.058763877,1.057045,503635968.0,60.0,86.0,10.0,262144069.0,524416.0,0.0,262144069.0,524416.0,0.0,262144069.0,524416.0,0.0,262144069.0,524416.0,0.0,262144069.0,524416.0,0.0
1.064133505022784e+17,335.05022741,0.007189999800175428,-1.31838252,0.003969999961555004,18.516833371465527,0.005297468096098444,18.23129914393901,0.003059740149208985,18.107466599710094,0.0030977079504764336,18.222340035330554,0.00652686602995593,18.10249306244473,0.015426252744077893,6125.0,0.25,-2.5,-38.650523,-38.992947,-39.026743,-38.999704,-39.052951,-38.847961,-38.546471,-38.086214,57.18066004257798,0.003619890752238087,0.03397447131613072,17.473508993536324,0.003619890752238087,17.27636628937671,0.003619890752238087,17.266088645101846,0.003619890752238087,2.677607716134265e+18,335.05022899028353,0.17688476,-1.318383491708702,0.17036542,0.12979416418937467,0.21625456,6.8399854,4.931213483600498,0.22647321,-4.740098428855254,0.22239588,0.92578286,436527104.0,52.0,68.0,5.0,262144069.0,524416.0,196608.0,262144069.0,524416.0,196608.0,262144069.0,524416.0,196608.0,262144069.0,524416.0,196608.0,262144069.0,524416.0,196608.0
1.0652335240387917e+17,335.24041503,0.011250000447034836,-1.22609087,0.0081599997356534,16.280380487497204,0.0011723625357745408,15.866999542520112,0.0008367899141684553,15.769662206649233,0.0006452045556405366,15.714655658193957,0.0014280224425036628,15.546211033794929,0.002182826656400587,5625.0,0.0,-0.2,-38.087592,-38.508504,-38.624748,-38.65516,-38.702826,-38.617959,-38.438618,-37.98105,54.351347785731086,0.0006097514412462887,0.09138427898462483,14.874198736689426,0.0006097514412462887,14.554907032529812,0.0006097514412462887,14.541940388254945,0.0006097514412462887,2.677611770583454e+18,335.2404143231398,0.04211207,-1.2260932727896405,0.046288136,0.4697098657286373,0.046078227,7.0282664,3.4940092341549502,0.051396437,-6.098231596311515,0.0521377,0.9567689,436527104.0,52.0,79.0,5.0,262144069.0,524416.0,196608.0,262144005.0,524416.0,196608.0,262144005.0,524416.0,196608.0,262144005.0,524416.0,196608.0,262144005.0,524416.0,196608.0
1.063533512566797e+17,335.12568215,0.0026000000070780516,-1.36725872,0.002460000105202198,14.329666649558195,0.0004956138611965942,14.100125971845364,0.0003941959077554415,14.058734311121244,0.00029420650820554566,13.942321268466173,0.0005456501247081031,13.943070566185755,0.0007434050489123066,5937.5,0.0,1.0,-38.45924,-38.663071,-38.73094,-38.77916,-38.793521,-38.673589,-38.47196,-38.005855,52.75997015343535,0.00023134096981850067,0.022412353665205713,13.227191104393686,0.00023134096981850067,12.930187400234068,0.00023134096981850067,12.925757755959213,0.00023134096981850067,2.6776037003399956e+18,335.12568321580585,0.019757695,-1.3672536079627253,0.018173238,0.9869866103970231,0.023003647,13.6355,5.810117304026128,0.029289275,12.33569547747182,0.022855196,0.9936031,503635968.0,60.0,85.0,5.0,262144069.0,524416.0,196608.0,263192581.0,524416.0,196608.0,263192581.0,524416.0,196608.0,263192581.0,524416.0,196608.0,262144069.0,524416.0,196608.0
1.0648335202665397e+17,335.20271006,0.009039999917149544,-1.26375354,0.009600000455975533,20.67428529047177,0.021423197685959336,20.404110312284793,0.01442354412141153,20.310422293261478,0.01487439085031791,20.181834731460746,0.039527133322671604,20.346986463317588,0.0975050398415265,6312.5,5.0,1.0,-38.557921,-38.812981,-38.903064,-38.906444,-38.891563,-38.788328,-38.600582,-38.121646,59.19792241815927,0.02187040611464538,0.06271006748950363,19.55040436911761,0.02187040611464538,19.239517664957994,0.02187040611464538,19.247919020683135,0.02187040611464538,2.6776111521081395e+18,335.2027113872148,0.90848464,-1.2637521389914388,0.92365515,-1.1862891648643403,1.0445778,1.2410011,1.203113500423662,1.1533345,0.30430524406828147,1.175696,1.0440437,436527104.0,52.0,68.0,10.0,262144069.0,524416.0,196608.0,262144069.0,524416.0,196608.0,262144069.0,524416.0,196608.0,195035141.0,524416.0,196608.0,195035141.0,524416.0,196608.0
1.0657334941307014e+17,334.941271,0.01931999996304512,-1.19190076,0.021889999508857727,23.118059849686762,0.19463655800014112,22.508478225864685,0.09352636779957155,20.901692451760308,0.024793128403666292,20.110401469937724,0.03495307798919078,19.792599972033894,0.05120902464231284,3600.0,4.0,-4.0,-33.632428,-34.415834,-35.949259,-36.57946,-36.880439,-37.307717,-37.695311,-37.371173,56.77773039385668,0.04520590769609618,5.69135347618359,18.61082334481502,0.04520590769609618,17.724596640655406,0.04520590769609618,17.57819999638054,0.04520590769609618,-999,-999,-999,-999,-999,-999,-999,-999,-999,-999,-999,-999,-999,436527104.0,52.0,33.0,10.0,195035141.0,655360.0,0.0,195035141.0,655360.0,0.0,262144069.0,524416.0,0.0,262144069.0,524416.0,0.0,195035141.0,655360.0,0.0
1.06443351524124e+17,335.15242106,0.01573999971151352,-1.29701259,0.016049999743700027,21.691517146047993,0.047933025847929016,21.0682907003949,0.02474107850738558,20.882348105712456,0.02368312716941345,20.834399198442142,0.05378608849739679,20.46606144402418,0.09631002964896519,5250.0,0.0,-2.5,-37.498646,-38.237206,-38.409967,-38.434727,-38.581381,-38.521019,-38.319722,-37.870812,59.22090871892434,0.025011318695345765,0.3197166225006036,19.840699669882678,0.025011318695345765,19.543363965723067,0.025011318695345765,19.5217393214482,0.025011318695345765,-999,-999,-999,-999,-999,-999,-999,-999,-999,-999,-999,-999,-999,436527104.0,52.0,52.0,5.0,195035141.0,655488.0,196608.0,262144069.0,524416.0,196608.0,262144005.0,524416.0,196608.0,195035141.0,655360.0,196608.0,195035141.0,655360.0,196608.0
1.0654334874806832e+17,334.87479757,0.0036800000816583633,-1.21011274,0.0020600000862032175,17.944064891671434,0.002930442675619759,17.499558724747374,0.0021223202084913336,17.302986894284853,0.00154268584418083,17.174674523605056,0.0035536040170437194,17.14213271727504,0.005264750146082819,5375.0,1.5,1.0,-37.7329,-38.162426,-38.351954,-38.420327,-38.450494,-38.441901,-38.368727,-37.920651,55.63630375031675,0.0014942196969244977,0.08366124316717785,16.335212701275086,0.0014942196969244977,15.909753997115473,0.0014942196969244977,15.887295352840612,0.0014942196969244977,2.677620772834918e+18,334.8747921704649,0.10039129,-1.2101157545820729,0.09316919,0.29971280524283483,0.11646562,17.185122,-14.065232980646554,0.12607351,-9.874090137678913,0.12243373,0.9633536,503635968.0,60.0,82.0,10.0,262144069.0,524416.0,196608.0,262144069.0,524416.0,196608.0,262144069.0,524416.0,196608.0,262144069.0,524416.0,196608.0,262144069.0,524416.0,196608.0
1.0642335146001363e+17,335.14605988,0.008580000139772892,-1.31398975,0.008580000139772892,22.26925308370014,0.08284300936720572,21.185361855965656,0.024478001209050092,19.959581988227807,0.01058108771267121,19.44141625562647,0.01785124427217206,19.157516413486746,0.03009108933228508,3600.0,5.25,-3.7,-34.370028,-35.353768,-36.408712,-36.78025,-37.127324,-37.440923,-37.784489,-37.399731,56.41064231940136,0.018759783304352698,2.1953320976175448,18.110529270359702,0.018759783304352698,17.268330566200085,0.018759783304352698,17.18255392192522,0.018759783304352698,2.677605070436585e+18,335.1460366867745,3.0082042,-1.3139881673678344,2.7341428,nan,nan,nan,nan,nan,nan,nan,nan,436527232.0,52.0,70.0,5.0,195035141.0,655360.0,196608.0,262144069.0,524416.0,196608.0,262144005.0,524416.0,196608.0,262144069.0,524416.0,196608.0,262144005.0,524416.0,196608.0
1.0673334931755171e+17,334.93177891,0.019840000197291374,-1.05726166,0.019269999116659164,22.456171840638905,0.14318552154816327,21.32187196272235,0.03966827368877862,20.747507150463797,0.025184010968861394,20.535027800581158,0.046817074818982396,20.243214504860394,0.07735502158321053,3600.0,5.25,-4.0,-35.391875,-36.457092,-36.968438,-37.03472,-37.538315,-37.722382,-38.031312,-37.528174,57.73884665185332,0.03514856343334235,0.40354181585006654,19.157274602811658,0.03514856343334235,18.349711898652046,0.03514856343334235,18.382315254377183,0.03514856343334235,-999,-999,-999,-999,-999,-999,-999,-999,-999,-999,-999,-999,-999,436527104.0,52.0,39.0,5.0,195035141.0,655360.0,196608.0,262144005.0,524416.0,196608.0,262144005.0,524416.0,196608.0,195035205.0,524416.0,196608.0,195035141.0,655360.0,196608.0
1.0665335035020253e+17,335.03501692,0.005119999870657921,-1.12330005,0.001550000044517219,17.05134928686562,0.001906347700346106,16.719014493479463,0.0010582182325433048,16.583821388761812,0.0012750221429126678,16.597548705441934,0.0021846198202813997,16.593603232838515,0.0036370915281956433,6000.0,3.0,0.0,-38.408365,-38.740332,-38.835818,-38.83674,-38.84219,-38.749405,-38.562292,-38.093793,55.44175642147748,0.0009875356680314575,0.01463918659575063,15.833161372435814,0.0009875356680314575,15.521641668276203,0.0009875356680314575,15.519606024001343,0.0009875356680314575,2.677627988380029e+18,335.0350164669919,0.071952075,-1.123303914904448,0.07717358,0.22976432392426469,0.08557551,9.084566,0.9343592874432981,0.0988687,-9.036387933309994,0.098635055,1.120757,503635968.0,60.0,79.0,5.0,262144069.0,524416.0,196608.0,262144069.0,524416.0,196608.0,262144069.0,524416.0,196608.0,262144069.0,524416.0,196608.0,262144069.0,524416.0,196608.0
1.0646335120501317e+17,335.12051937,0.009030000306665897,-1.28105943,0.01006999984383583,16.657754853737647,0.001515782768116383,16.18668675860534,0.0007643545173665525,15.90099771347795,0.0008723404584885715,15.957690271887307,0.0012675241714743297,15.90915253124021,0.0021138808024658575,5500.0,1.25,-0.1,-37.898663,-38.375751,-38.531104,-38.565412,-38.603368,-38.561938,-38.428318,-37.975793,54.5173160257897,0.0006234716569711459,0.09159548931480205,15.096187976748038,0.0006234716569711459,14.731175272588423,0.0006234716569711459,14.713165628313556,0.0006234716569711459,2.677605452686613e+18,335.1205250220717,0.05334318,-1.2810601185253951,0.053172458,0.688365150789109,0.064129375,11.127329,7.842532747691335,0.06481071,-7.893803385376223,0.06967398,1.0073627,503635968.0,60.0,87.0,5.0,262144069.0,524416.0,196608.0,262144069.0,524416.0,196608.0,262144069.0,524416.0,196608.0,262144069.0,524416.0,196608.0,262144069.0,524416.0,196608.0
1.0637335095028293e+17,335.09502196,0.0036800000816583633,-1.35624798,0.0027699999045580626,17.48010421339507,0.0022973847343014755,16.79407031116978,0.0011852438653518528,16.529682608203505,0.001517803562522544,16.370218633157297,0.001734291561373725,16.227886167497964,0.002927350678473547,4700.0,4.5,-2.0,-36.828734,-37.451688,-37.722042,-37.850461,-37.932521,-38.059212,-38.182383,-37.749476,54.23748158668473,0.0009069433611152008,0.16284745932894149,15.319079537643066,0.0009069433611152008,14.697275833483452,0.0009069433611152008,14.65964818920859,0.0009069433611152008,2.6776044218945055e+18,335.09501698086495,0.07178171,-1.3562512840082093,0.075901434,0.694665091830157,0.09071328,10.321112,-7.252531391010937,0.094344825,-7.343441347092961,0.094525754,0.9429497,503635968.0,60.0,82.0,5.0,262144069.0,524416.0,196608.0,262144069.0,524416.0,196608.0,262144069.0,524416.0,196608.0,262144069.0,524416.0,196608.0,262144069.0,524416.0,196608.0
1.0647335083895382e+17,335.08389028,0.0030799999367445707,-1.27219952,0.0031300000846385956,16.597599482064204,0.0012934929202431528,15.775764013581519,0.0006387218087685233,15.499024229197994,0.0005476291719086587,15.312140295627499,0.0010982249774702459,15.233411139789647,0.001432776378570302,4750.0,1.75,-0.5,-36.835635,-37.599362,-37.855282,-37.970859,-38.08967,-38.185557,-38.223323,-37.781034,53.35374943205217,0.0004749708810346002,0.13924809739674252,14.309002383010505,0.0004749708810346002,13.772603678850892,0.0004749708810346002,13.744358034576033,0.0004749708810346002,2.677608334609589e+18,335.0838904289688,0.045813695,-1.272200614246469,0.046791892,1.5156416048247832,0.055150744,3.7922237,0.9075229991580653,0.05250318,-3.682032477223888,0.0573067,0.9531829,503635968.0,60.0,96.0,5.0,262144069.0,524416.0,196608.0,262144069.0,524416.0,196608.0,262144069.0,524416.0,196608.0,262144069.0,524416.0,196608.0,262144069.0,524416.0,196608.0
1.0635335004619763e+17,335.00458618,0.0040799998678267,-1.3689275,0.003909999970346689,19.799751331344304,0.01013691793052801,18.943160214862473,0.0046167027586290895,18.601618329761,0.0037240502396665067,18.448154364172133,0.008016692882374004,18.379728347056947,0.01822620867945547,4687.5,0.75,0.0,-36.726163,-37.512546,-37.795021,-37.917273,-38.033984,-38.138971,-38.195418,-37.755971,56.43147991743938,0.004623425774365661,0.16313314138107707,17.433318868397723,0.004623425774365661,16.87823916423811,0.004623425774365661,16.84715151996324,0.004623425774365661,2.6776060668667807e+18,335.004576500032,0.31680596,-1.3689279780830557,0.267335,0.6265834188866346,0.3916805,9.913883,-9.536231970235619,0.31051823,-2.7102338839303237,0.3406993,1.0169963,436527104.0,52.0,64.0,5.0,262144069.0,524416.0,196608.0,262144069.0,524416.0,196608.0,262144069.0,524416.0,196608.0,262144069.0,524416.0,196608.0,262144069.0,524416.0,196608.0
1.0650334819881155e+17,334.8198915,0.0024399999529123306,-1.24909079,0.001339999958872795,19.804976934639,0.012201712211316563,18.579365728167808,0.003624199297171979,17.64493806373669,0.001998654535246212,17.221494468724362,0.0029828492713944946,16.997990869535297,0.0042068959265316,3600.0,5.25,-3.8,-34.710644,-35.721542,-36.595287,-36.865073,-37.264321,-37.534743,-37.866763,-37.442545,54.281126612960634,0.002775655486527107,1.1549109735786955,15.887193563918974,0.002775655486527107,15.056540859759359,0.002775655486527107,15.010224215484493,0.002775655486527107,2.677620291798554e+18,334.81988967628473,0.182042,-1.2490989375877226,0.16084553,1.460719768060529,0.21898888,22.729202,-5.385650617669764,0.20023222,-22.081925350685196,0.20546165,1.0622841,503635968.0,60.0,85.0,5.0,262144069.0,524416.0,196608.0,262144069.0,524416.0,196608.0,262144069.0,524416.0,196608.0,262144069.0,524416.0,196608.0,262144069.0,524416.0,196608.0
1.0629334937787795e+17,334.93775862,0.006010000128298998,-1.41876957,0.002580000087618828,20.14842508141137,0.01443241194023525,18.966107803434046,0.004702287837800934,17.714899901213947,0.0019376036426021997,17.103534021870814,0.0031107592729307906,16.896837233555047,0.004273872471382858,3600.0,5.25,-3.7,-34.370028,-35.353768,-36.408712,-36.78025,-37.127324,-37.440923,-37.784489,-37.399731,54.17397720829704,0.0032379199641360506,2.350663206800022,15.87386415925538,0.0032379199641360506,15.031665455095762,0.0032379199641360506,14.945888810820898,0.0032379199641360506,2.6775116506008653e+18,334.9377279223316,0.2729454,-1.418779893886886,0.288355,2.3920642031276076,0.28630343,36.675564,-34.331793611000556,0.25180095,-12.900582960165375,0.36224094,1.0186988,503635968.0,60.0,81.0,5.0,262144069.0,524416.0,196608.0,262144069.0,524416.0,196608.0,262144069.0,524416.0,196608.0,262144069.0,524416.0,196608.0,262144069.0,524416.0,196608.0
1.0671334988878024e+17,334.98888114,0.005109999794512987,-1.07521959,0.007280000019818544,18.47209895684892,0.004934165784141243,17.670526810306225,0.002100923904660803,17.240650092952745,0.0017677557331271757,17.173359832756322,0.003624560451491711,17.14663310893134,0.005556702840048505,4812.5,0.0,0.2,-36.895359,-37.649054,-37.950846,-38.065113,-38.146416,-38.21569,-38.22899,-37.7915,55.28201136035912,0.0017424031507052584,0.21353588164822004,16.207131311317458,0.0017424031507052584,15.695198607157842,0.0017424031507052584,15.662153962882984,0.0017424031507052584,2.677632425081252e+18,334.98888360794643,0.10130515,-1.075220860277545,0.102237225,0.8408274531387628,0.11536187,6.6599956,1.7542613000516463,0.12876904,-6.424804319984005,0.1275713,0.92367744,503635968.0,60.0,64.0,5.0,262144069.0,524416.0,196608.0,262144069.0,524416.0,196608.0,262144069.0,524416.0,196608.0,262144069.0,524416.0,196608.0,262144069.0,524416.0,196608.0
1.0650335176092262e+17,335.1761164,0.00535999983549118,-1.24823319,0.009379999712109566,20.130931327393824,0.012018635062032641,18.938959778285064,0.004556567586027022,18.327197405342208,0.0031033654598565,18.052741746623006,0.005010101956757745,17.858430689745543,0.008960421463954446,3800.0,5.25,-3.7,-35.397698,-36.404124,-37.058686,-37.228045,-37.514694,-37.683869,-38.007623,-37.567673,55.382301589477926,0.0033480206004538634,0.5128580305163829,16.839242540436263,0.0033480206004538634,16.016855836276648,0.0033480206004538634,15.986271192001789,0.0033480206004538634,2.6776114269860557e+18,335.176115553086,0.2422337,-1.2482452074445216,0.23488143,1.0481319222646959,0.2779473,32.830296,-2.5368377243889406,0.3036793,-32.73213723671786,0.27370575,0.93279296,503635968.0,60.0,87.0,5.0,262144069.0,524416.0,196608.0,262144069.0,524416.0,196608.0,262144069.0,524416.0,196608.0,262144069.0,524416.0,196608.0,262144069.0,524416.0,196608.0
1.0638334956556502e+17,334.95655434,0.0041600000113248825,-1.3461919,0.0022299999836832285,18.65913268635081,0.005882060157364974,17.955759052486577,0.003387207348096533,17.765129071620315,0.0022756471273501066,17.62301046922421,0.0043752893733201015,17.62007516070249,0.011585336014756564,5125.0,3.25,-1.5,-37.388264,-38.020416,-38.218925,-38.288511,-38.362482,-38.395271,-38.352519,-37.896411,55.98034088807688,0.0028608638054767985,0.06664027904401247,16.72587983903522,0.0028608638054767985,16.269999134875604,0.0028608638054767985,16.25557249060074,0.0028608638054767985,2.677606376104442e+18,334.95655315792015,0.16644418,-1.3461936049480436,0.13969553,0.2329942999589787,0.20220028,6.685542,-3.5057407045502402,0.16908373,-5.692649401588233,0.18286663,1.0025042,503635968.0,60.0,69.0,5.0,262144069.0,524416.0,196608.0,262144069.0,524416.0,196608.0,262144069.0,524416.0,196608.0,262144069.0,524416.0,196608.0,262144069.0,524416.0,196608.0
1.0626334862849866e+17,334.86286051,0.010060000233352184,-1.44321133,0.0066200001165270805,20.0329337860582,0.013673888106060827,19.756127471674894,0.008766252730907951,19.660030757664614,0.008184862951237971,19.550536064198702,0.023304235780210417,19.604087147204904,0.03828609815133438,5812.5,0.0,1.0,-38.320767,-38.567952,-38.658815,-38.710333,-38.728503,-38.63264,-38.453871,-37.990152,58.318017045360264,0.009674145133008953,0.028042198993565658,18.8261869963186,0.009674145133008953,18.50632329215899,0.009674145133008953,18.499507647884123,0.009674145133008953,2.6775113370682266e+18,334.862855658032,0.4681907,-1.4432111482963261,0.39523947,0.12602662124831143,0.5528438,3.3326156,0.5935804335097234,0.4879279,-3.2793274856262324,0.5133566,0.9278756,436527104.0,52.0,69.0,5.0,262144069.0,524416.0,196608.0,262144069.0,524416.0,196608.0,262144069.0,524416.0,196608.0,262144069.0,524416.0,196608.0,195035205.0,524416.0,196608.0
1.0649334941438181e+17,334.94147389,0.018069999292492867,-1.25721009,0.018629999831318855,22.504861555035873,0.1053963131682447,21.36036689119357,0.040993051015961436,21.000910673117918,0.026747004586761464,20.665598172108098,0.04790208232602875,20.48037953559459,0.10002402313014114,4437.5,0.25,-2.4,-36.080378,-37.172879,-37.5036,-37.687931,-37.956089,-38.076104,-38.02946,-37.644676,58.48259876541002,0.03212701667427514,0.3225700849411043,19.547304716368355,0.03212701667427514,19.09531601220874,0.03212701667427514,19.00956536793388,0.03212701667427514,-999,-999,-999,-999,-999,-999,-999,-999,-999,-999,-999,-999,-999,436527104.0,52.0,46.0,5.0,195035141.0,655360.0,196608.0,195035205.0,524416.0,196608.0,262144005.0,524416.0,196608.0,195035141.0,655360.0,196608.0,195035141.0,655360.0,196608.0
1.0664334987625504e+17,334.98764488,0.011660000309348106,-1.12954073,0.011300000362098217,20.777000474655253,0.02641621466163907,20.07369383729041,0.011830593136959477,19.61238762703682,0.010231534021639139,19.446949797048333,0.021925240286058564,19.392721240576023,0.034952100543078346,4562.5,3.5,1.0,-36.610658,-37.30436,-37.636134,-37.786567,-37.870405,-37.979582,-38.048083,-37.662611,57.30217539532138,0.010285580418105515,0.31050564270450043,18.463403346279716,0.010285580418105515,17.896269642120103,0.010285580418105515,17.81120699784524,0.010285580418105515,2.6776286755747917e+18,334.98764094951827,0.49757537,-1.129546067300462,0.46360964,-0.2709210075146985,0.5885605,10.336892,1.113023472429437,0.63648623,-10.276795499045313,0.5763578,0.9567384,436527104.0,52.0,62.0,5.0,262144069.0,524416.0,196608.0,262144069.0,524416.0,196608.0,262144069.0,524416.0,196608.0,262144069.0,524416.0,196608.0,262144069.0,524416.0,196608.0
1.0648334895871835e+17,334.8958765,0.00394000019878149,-1.26007521,0.003920000046491623,21.212129642758985,0.030669360573174556,20.06187994000149,0.011939502767980911,18.742834818205978,0.004344155450315573,18.13703796411547,0.006518796226873845,17.80934369378901,0.009585360401523291,3400.0,5.25,-3.9,-33.768109,-34.920906,-35.953811,-36.371386,-36.883879,-37.315431,-37.613851,-37.226192,54.77226341177419,0.007032515706815364,2.7344299420079285,16.597642362732532,0.007032515706815364,15.800589658572918,0.007032515706815364,15.717714014298055,0.007032515706815364,2.6776195358843034e+18,334.8958770147005,0.41761535,-1.2600835167888633,0.34659368,1.2966895437733303,0.49920404,12.872296,4.028865919939965,0.4966196,-12.225556917668701,0.45573983,1.0907973,503635968.0,60.0,77.0,5.0,262144069.0,655488.0,196608.0,262144069.0,524416.0,196608.0,262144069.0,524416.0,196608.0,262144005.0,524416.0,196608.0,262144069.0,524416.0,196608.0
1.0668334945777502e+17,334.94578527,0.012509999796748161,-1.09622536,0.016340000554919243,17.99448615014441,0.003779225407591723,16.890025064659287,0.0016689573540211377,16.41018812293103,0.0009341838725542208,16.12150998261882,0.0015536549951808555,15.963892701387328,0.002110859164053948,3800.0,5.25,-3.8,-35.867083,-36.863333,-37.336236,-37.374505,-37.714677,-37.807618,-38.129643,-37.640044,53.70718720434818,0.0009961974321024808,0.3933363393083522,15.040379155306521,0.0009961974321024808,14.219721451146903,0.0009961974321024808,14.23878580687204,0.0009961974321024808,2.6776319397499566e+18,334.94578675246066,0.0764238,-1.0962274334438689,0.07258129,1.4982107735879597,0.08643534,8.840504,7.200947640295956,0.09537343,-5.128436058492316,0.091248825,1.1142368,503635968.0,60.0,80.0,5.0,262144069.0,524416.0,196608.0,262144069.0,524416.0,196608.0,262144069.0,524416.0,196608.0,262144069.0,524416.0,196608.0,262144069.0,524416.0,196608.0
1.0623335076640613e+17,335.07672866,0.01104000024497509,-1.47024524,0.01083999965339899,20.674831722205493,0.023799099829811224,20.34940744544162,0.015406433222315654,20.210717849883792,0.018817282356304435,20.14894935074316,0.04111212561273874,20.165503975505306,0.07813904443872614,5812.5,1.25,1.0,-38.240085,-38.541029,-38.65982,-38.694675,-38.706484,-38.63432,-38.476152,-38.01748,58.878300668755884,0.018924864692583362,0.0255540364795237,19.38479061971422,0.018924864692583362,19.04432591555461,0.018924864692583362,19.032463271279745,0.018924864692583362,2.6775542867409807e+18,335.07672704599486,1.6917717,-1.470246261210375,1.2066071,1.300448292907904,2.0114949,4.451819,-1.7467052534995984,1.4055712,-4.0948396454920815,1.5309412,1.0936978,436527104.0,52.0,55.0,5.0,262144069.0,524416.0,196608.0,262144069.0,524416.0,196608.0,262144069.0,524416.0,196608.0,195035141.0,524416.0,196608.0,195035141.0,524416.0,196608.0
1.0654335238328581e+17,335.23836169,0.011009999550879002,-1.21218986,0.004149999935179949,18.271077712590223,0.00358169977753114,17.151323491242245,0.0014781425391440224,16.586984092578643,0.0009817465933042305,16.367824158409007,0.002313453493894649,16.15120937185574,0.003147247054190539,3700.0,5.25,-3.9,-35.71008,-36.718308,-37.208436,-37.24002,-37.662846,-37.780598,-38.100624,-37.598092,53.81362176533517,0.001117757328303109,0.3982958404571647,15.173833716293512,0.001117757328303109,14.355175012133891,0.001117757328303109,14.387172367859032,0.001117757328303109,2.677613252346752e+18,335.23836775915225,0.092593476,-1.212184694431088,0.09110271,1.0821386808189875,0.10718483,10.429405,8.367942220141716,0.112745434,6.224951979139878,0.10866843,1.252108,503635968.0,60.0,79.0,10.0,262144069.0,524416.0,196608.0,262144069.0,524416.0,196608.0,262144069.0,524416.0,196608.0,262144069.0,524416.0,196608.0,262144069.0,524416.0,196608.0
1.0636335070538406e+17,335.0705323,0.0029800001066178083,-1.36361534,0.015519999898970127,16.007721608581654,0.0010493874625075361,15.518495778620764,0.0006332564332564145,15.297252886315517,0.000832918420927511,15.210984252150757,0.0010524609651326336,15.191145223504087,0.0015086416984341094,5375.0,3.75,0.9,-37.693413,-38.132142,-38.328604,-38.39852,-38.426929,-38.419092,-38.348162,-37.90934,53.64104154983457,0.0004724258549246046,0.06548824009106463,14.362759500792908,0.0004724258549246046,13.93505679663329,0.0004724258549246046,13.90334415235843,0.0004724258549246046,2.6776044562542525e+18,335.07053025647076,0.05169736,-1.3636216948190207,0.06619226,0.7385840668932744,0.054722507,6.0160913,3.418246443476426,0.057592463,4.950650965488874,0.07946231,1.0434852,503635968.0,60.0,78.0,5.0,262144069.0,524416.0,196608.0,262144069.0,524416.0,196608.0,262144069.0,524416.0,196608.0,262144069.0,524416.0,196608.0,262144069.0,524416.0,196608.0
1.0651334771151118e+17,334.77118499,0.021980000659823418,-1.24102781,0.017969999462366104,22.33190455353315,0.1049321051674986,20.95842262445964,0.028470059869138302,20.194017754521834,0.012176014766517515,19.715691015896486,0.026367151761518604,19.72128804023587,0.05622004081916553,3900.0,4.0,-3.0,-34.936763,-36.066944,-36.792519,-37.090509,-37.250959,-37.5299,-37.814565,-37.462941,57.0118035977294,0.025159861701649595,0.948130871781931,18.622713548687738,0.025159861701649595,17.83941584452812,0.025159861701649595,17.720505200253257,0.025159861701649595,-999,-999,-999,-999,-999,-999,-999,-999,-999,-999,-999,-999,-999,436527104.0,52.0,57.0,5.0,195035141.0,655360.0,196608.0,262144005.0,524416.0,196608.0,262144069.0,524416.0,196608.0,262144069.0,524416.0,196608.0,195035141.0,655360.0,196608.0
1.0663335119936992e+17,335.11995813,0.002199999988079071,-1.13376501,0.0014199999859556556,19.78160582188225,0.01109302194885069,18.56766162300251,0.003699220523256957,17.421729088764536,0.0018340496673253325,16.887123214372913,0.0024003050845434557,16.5985249290235,0.0034251051337751233,3600.0,5.25,-3.7,-34.370028,-35.353768,-36.408712,-36.78025,-37.127324,-37.440923,-37.784489,-37.399731,53.85934533540915,0.0025107442426171786,1.9205575381570055,15.559232286367493,0.0025107442426171786,14.717033582207875,0.0025107442426171786,14.631256937933012,0.0025107442426171786,2.677616409148193e+18,335.1199632518174,0.15647045,-1.1337648468437675,0.16830827,1.6211464446697905,0.18298255,11.710405,11.38477391745779,0.19895883,-2.7423556839338943,0.21163484,1.1377517,503635968.0,60.0,80.0,5.0,262144069.0,524416.0,196608.0,262144069.0,524416.0,196608.0,262144069.0,524416.0,196608.0,262144069.0,524416.0,196608.0,262144069.0,524416.0,196608.0
1.0633335159784523e+17,335.15982388,0.010780000127851963,-1.38772354,0.0076299998909235,20.368836153280036,0.01700846117154329,20.110328232680214,0.010720878201927032,19.995731938410696,0.011952539313023971,19.995236334336653,0.03049017689557113,19.789588279938815,0.052351071530347536,5750.0,0.0,0.9,-38.251727,-38.522091,-38.624207,-38.676943,-38.697277,-38.612993,-38.44546,-37.9823,58.60639318772928,0.012988262015177577,0.1235091942265949,19.134210138687617,0.012988262015177577,18.80311043452801,0.012988262015177577,18.79573579025314,0.012988262015177577,2.677603455526651e+18,335.1598264992167,0.7451097,-1.38772353415039,0.6368607,-0.2981459990402177,0.8883267,4.93825,1.0542144969814657,0.84308445,-4.824411594299061,0.8473796,0.966987,436527104.0,52.0,77.0,5.0,262144069.0,524416.0,196608.0,262144069.0,524416.0,196608.0,262144069.0,524416.0,196608.0,262144005.0,655488.0,196608.0,195035141.0,524416.0,196608.0
1.066633514325225e+17,335.14324904,0.010710000060498714,-1.11498366,0.011009999550879002,22.282853329427866,0.09986210484630223,21.17371590278373,0.026023043162074495,20.24921782092487,0.013789021934027729,19.72387562261838,0.029413138844747576,19.66606975491602,0.04249205574278545,3700.0,5.25,-3.7,-34.932512,-35.916079,-36.765533,-37.017915,-37.335581,-37.564293,-37.896877,-37.481317,57.012670486134176,0.023246921020724044,1.3314966561335932,18.589187437092516,0.023246921020724044,17.757970732932897,0.023246921020724044,17.70299608865804,0.023246921020724044,2.677617925271745e+18,335.1432425849254,2.9547353,-1.1149914499126719,1.9829831,nan,nan,nan,nan,nan,nan,nan,nan,436527104.0,52.0,66.0,5.0,195035141.0,655360.0,196608.0,262144069.0,524416.0,196608.0,262144005.0,524416.0,196608.0,262144005.0,524416.0,196608.0,195035141.0,524416.0,196608.0
1.0669334853348021e+17,334.85337021,0.005750000011175871,-1.09189741,0.00788000039756298,18.91710161788626,0.007023028602976689,18.51613394456777,0.004174267922583026,18.288376256832457,0.004189926399276437,18.172172205380416,0.005225074626306436,18.11273075099193,0.011222344704617358,5375.0,1.5,1.0,-37.7329,-38.162426,-38.351954,-38.420327,-38.450494,-38.441901,-38.368727,-37.920651,56.624923155131775,0.003082501271362674,0.12175851264296815,17.323832106090112,0.003082501271362674,16.8983734019305,0.003082501271362674,16.875914757655636,0.003082501271362674,2.6776270263073725e+18,334.85336984205287,0.17305376,-1.091904114925968,0.16809033,0.5015982562090225,0.20360425,20.146866,-1.7522749330453131,0.20833859,-20.070518126200284,0.20355049,0.9888103,436527104.0,52.0,84.0,5.0,262144069.0,524416.0,196608.0,262144069.0,524416.0,196608.0,262144069.0,524416.0,196608.0,262144069.0,524416.0,196608.0,262144069.0,524416.0,196608.0
1.0648335244061373e+17,335.24411729,0.013880000449717045,-1.26390368,0.014759999699890614,21.100935737738116,0.03194100037262621,20.95589280098722,0.02601916437371452,20.745813961492754,0.025019168642640335,20.82753392405916,0.06337708033120416,20.423784374406285,0.08787203654065158,5750.0,0.0,1.0,-38.25153,-38.520392,-38.622753,-38.675919,-38.695994,-38.612165,-38.444827,-37.982301,59.364109759736714,0.023716097770239416,0.5145022580007752,19.892754710695055,0.023716097770239416,19.56146000653544,0.023716097770239416,19.553451362260574,0.023716097770239416,-999,-999,-999,-999,-999,-999,-999,-999,-999,-999,-999,-999,-999,436527104.0,52.0,60.0,5.0,262144005.0,524416.0,196608.0,262144005.0,655488.0,196608.0,262144069.0,524416.0,196608.0,195035141.0,655360.0,196608.0,195035141.0,655360.0,196608.0
1.0646334890302963e+17,334.89031503,0.004040000028908253,-1.27567143,0.004110000096261501,20.144773175281035,0.015821930365510634,19.184140479613077,0.0070384933268618985,18.80495497448726,0.004298600828446105,18.531976114413656,0.010279530830930498,18.45355152293066,0.016183229636838097,4312.5,1.75,0.2,-36.109828,-36.956917,-37.32637,-37.505828,-37.630952,-37.829617,-38.049958,-37.632387,56.12985825334514,0.0052380053969745015,0.2736406569726208,17.44105120430348,0.0052380053969745015,16.722077500143868,0.0052380053969745015,16.669113855869,0.0052380053969745015,2.677619501524557e+18,334.8903228324656,0.42610526,-1.275682089319815,0.429578,0.8620617302444005,0.42433685,17.202646,8.533334701049977,0.49787107,-14.936975376467846,0.57823056,1.0214343,436527104.0,52.0,67.0,5.0,262144005.0,524416.0,196608.0,262144005.0,524416.0,196608.0,262144069.0,524416.0,196608.0,262144005.0,524416.0,196608.0,262144069.0,524416.0,196608.0
1.0678335072145709e+17,335.07217012,0.0040699997916817665,-1.01116641,0.0032599999103695154,19.454519705646277,0.008252463703730527,18.906491903468964,0.004192146468477162,18.644548273645775,0.0041039256639200114,18.678298087555177,0.00973457455544897,18.63616083852665,0.019749195360316496,5437.5,0.5,-0.5,-37.811839,-38.351785,-38.513227,-38.544747,-38.601273,-38.553664,-38.401739,-37.953248,57.22857796176858,0.004846904637828468,0.0694619762433425,17.81572391272692,0.004846904637828468,17.469016208567304,0.004846904637828468,17.446972564292437,0.004846904637828468,2.677634241852469e+18,335.07217163625825,0.2912635,-1.0111674361759624,0.33685884,0.7343491599541841,0.29572484,6.040389,-0.407378134584842,0.4068721,-6.026635936356471,0.42445692,0.98117596,436527104.0,52.0,81.0,5.0,262144069.0,524416.0,196608.0,262144069.0,524416.0,196608.0,262144069.0,524416.0,196608.0,262144069.0,524416.0,196608.0,262144069.0,524416.0,196608.0
1.0677334939531157e+17,334.93950113,0.011839999817311764,-1.02412238,0.01080000028014183,22.266476191476453,0.0981190610162967,21.366488553372566,0.041815024929974194,20.0447982694367,0.0155560218875857,19.33680261385968,0.01937721275113099,19.03710198814311,0.0250740971950152,3600.0,5.25,-3.7,-34.370028,-35.353768,-36.408712,-36.78025,-37.127324,-37.440923,-37.784489,-37.399731,56.418349923257715,0.022469555390108482,3.487140793700048,18.118236874216056,0.022469555390108482,17.276038170056438,0.022469555390108482,17.190261525781573,0.022469555390108482,2.677633589017972e+18,334.9394931206366,3.5339384,-1.0241344062365751,2.336381,nan,nan,nan,nan,nan,nan,nan,nan,436527232.0,52.0,53.0,5.0,195035141.0,655360.0,196608.0,195035141.0,524416.0,196608.0,262144069.0,524416.0,196608.0,262144069.0,524416.0,196608.0,262144005.0,524416.0,196608.0
1.0626335153341541e+17,335.15335368,0.002099999925121665,-1.44583981,0.001290000043809414,18.838579468765644,0.005861218558137289,17.85217956773343,0.0025654923417555995,17.378468498192944,0.001967188763309201,17.096192953316606,0.002848978202836936,17.012472771900548,0.0048208059929141615,4187.5,2.0,0.5,-35.871686,-36.756842,-37.173563,-37.3768,-37.503781,-37.719105,-37.955848,-37.56787,54.57211305198183,0.0017454204398242466,0.3817493235373183,15.99381800294017,0.0017454204398242466,15.258442298780551,0.0017454204398242466,15.175885654505693,0.0017454204398242466,2.677554595978648e+18,335.15335512102587,0.1357174,-1.445840336134535,0.11750252,0.23345718094184204,0.1575565,3.643921,1.0806555918364107,0.1405414,-3.4799917062735934,0.14084347,1.0647475,503635968.0,60.0,83.0,5.0,262144069.0,524416.0,196608.0,262144069.0,524416.0,196608.0,262144069.0,524416.0,196608.0,262144069.0,524416.0,196608.0,262144069.0,524416.0,196608.0
1.0657335080613789e+17,335.08063683,0.027869999408721924,-1.18546829,0.028039999306201935,22.399585044376064,0.10166245061677921,21.479910107376405,0.03671106327407467,21.125791861685318,0.044323003405809504,20.70036638078257,0.05958706814384014,20.81424092590887,0.1309330192572687,4375.0,2.5,1.0,-36.260425,-37.047248,-37.424262,-37.601097,-37.703605,-37.858273,-37.995196,-37.613908,58.51130626402585,0.03706295125045308,0.3883941889700489,19.79384321498419,0.03706295125045308,19.15828751082457,0.03706295125045308,19.069040866549706,0.03706295125045308,-999,-999,-999,-999,-999,-999,-999,-999,-999,-999,-999,-999,-999,436527104.0,52.0,30.0,10.0,195035141.0,655360.0,0.0,262144005.0,524416.0,0.0,195035141.0,524416.0,0.0,195035141.0,655360.0,0.0,195035141.0,655360.0,0.0
1.064633513612524e+17,335.13615809,0.00139999995008111,-1.28168526,0.0030700000934302807,16.69691773116601,0.001310192550864069,15.975018164177632,0.000677257301860097,15.722605126310496,0.000595283594681387,15.617322915373135,0.0010514600354335996,15.53738996060804,0.0016504106418397007,5000.0,1.5,-0.5,-37.219508,-37.89797,-38.115695,-38.196593,-38.288449,-38.332962,-38.299926,-37.849468,53.853493779527064,0.0005043438519173628,0.08912386792987528,14.6613417304854,0.0005043438519173628,14.195745026325788,0.0005043438519173628,14.175668382050924,0.0005043438519173628,2.677605383967135e+18,335.136161582145,0.047767807,-1.2816862342737494,0.04750307,1.1411883264939437,0.05442313,10.222349,8.800797777557117,0.05607304,-5.2002283342118245,0.05553796,0.95539373,503635968.0,60.0,101.0,5.0,262144069.0,524416.0,196608.0,262144069.0,524416.0,196608.0,262144069.0,524416.0,196608.0,262144069.0,524416.0,196608.0,262144069.0,524416.0,196608.0
1.065133514938563e+17,335.14939037,0.009309999644756317,-1.23679703,0.007249999791383743,21.940944470834555,0.06197803623590159,20.704823261335203,0.020200035638084812,19.248047935923072,0.00611935415788459,18.60927073285711,0.008245566721283437,18.263181900715967,0.013809215161071163,3400.0,5.25,-3.8,-33.558321,-34.70938,-35.862082,-36.340758,-36.805771,-37.241216,-37.538762,-37.180821,55.20851606033318,0.013483988585975801,3.203510768744779,17.10811001129152,0.013483988585975801,16.311931307131907,0.013483988585975801,16.19933766285704,0.013483988585975801,2.677614420577867e+18,335.14938922199843,0.565215,-1.2368024201050485,0.5596983,0.2916685274364414,0.7192237,14.0261135,-1.8171370265754203,0.6798129,-13.90790721260332,0.7126751,1.0227005,503635968.0,60.0,89.0,5.0,195035141.0,655360.0,196608.0,262144005.0,524416.0,196608.0,262144069.0,524416.0,196608.0,262144069.0,524416.0,196608.0,262144069.0,524416.0,196608.0
1.0622335042831467e+17,335.04282549,0.0020600000862032175,-1.47980353,0.0012799999676644802,17.548996621858944,0.0021524583846380947,16.904922230439634,0.0012022205314421949,16.723563508750736,0.0010336107977945359,16.703401029299158,0.002487297487294982,16.61696408940078,0.004757832872376621,5437.5,0.0,-2.3,-37.786301,-38.405846,-38.551133,-38.56342,-38.671199,-38.58755,-38.380444,-37.926121,55.295149295949855,0.0011995063153966126,0.02863909147124066,15.848409246908194,0.0011995063153966126,15.556882542748582,0.0011995063153966126,15.540670898473715,0.0011995063153966126,2.6776010889997793e+18,335.0428258636955,0.08629821,-1.479806178967322,0.08100303,0.34550622494015504,0.102026165,7.2130055,1.4795516217943065,0.08985375,-7.059629988600194,0.09803368,0.96786195,503635968.0,60.0,85.0,5.0,262144069.0,524416.0,196608.0,262144069.0,524416.0,196608.0,262144069.0,524416.0,196608.0,262144069.0,524416.0,196608.0,262144069.0,524416.0,196608.0
1.0654334798408403e+17,334.79843481,0.004310000222176313,-1.21366937,0.0036299999337643385,17.21547150624431,0.0021266708387626177,16.757509651820598,0.0011607940979736458,16.650014018958075,0.00105150131125616,16.671062527484345,0.0018371143489486538,16.634019386268314,0.0033251929832420475,5937.5,2.0,-2.4,-38.358875,-38.812155,-38.897188,-38.876082,-38.920109,-38.798529,-38.550204,-38.084874,55.55849721815513,0.0009253696409289068,0.006027356176044683,15.900778169113469,0.0009253696409289068,15.650470464953855,0.0009253696409289068,15.645265820678995,0.0009253696409289068,2.6776233197505096e+18,334.7984347286023,0.079690225,-1.2136679396527894,0.069401935,0.2470496073910219,0.09015864,8.085477,6.405092311441582,0.095012754,4.934544307483345,0.086934805,0.95039815,503635968.0,60.0,89.0,20.0,262144069.0,524416.0,196608.0,262144069.0,524416.0,196608.0,262144069.0,524416.0,196608.0,262144069.0,524416.0,196608.0,262144069.0,524416.0,196608.0
1.0648335207659424e+17,335.20768483,0.005179999861866236,-1.2635366,0.003160000080242753,20.43094772093544,0.018660626016792022,19.570003658730712,0.006980365248290119,19.211139918984564,0.0059450924878159785,19.034058757422564,0.01222744184979166,18.968931090941247,0.02751013359026243,4562.5,2.0,0.0,-36.549308,-37.332197,-37.63309,-37.774688,-37.890957,-38.033428,-38.158225,-37.722704,56.879064229402914,0.007317393993413009,0.18990179146619582,17.986446180361252,0.007317393993413009,17.363016476201636,0.007317393993413009,17.328002831926774,0.007317393993413009,2.6776111521081395e+18,335.2076850469587,0.41802016,-1.2635381039414886,0.4044374,0.7235454037933778,0.4794702,4.395746,2.776725424648901,0.52277744,-3.4076942460456494,0.5162619,1.0112851,436527104.0,52.0,83.0,10.0,262144005.0,524416.0,196608.0,262144069.0,524416.0,196608.0,262144069.0,524416.0,196608.0,262144069.0,524416.0,196608.0,262144069.0,524416.0,196608.0
1.0639334985706197e+17,334.98570113,0.004279999993741512,-1.34039946,0.0018400000408291817,20.582690811843786,0.020524753885068938,19.300458401858904,0.006377386693564805,18.325231814966063,0.003376841786084712,17.87600762144447,0.005954901561335203,17.603207234102232,0.008521425577293748,3600.0,5.25,-3.8,-34.710644,-35.721542,-36.595287,-36.865073,-37.264321,-37.534743,-37.866763,-37.442545,54.9688925768431,0.004822510508043321,1.3187234146710047,16.574959527801443,0.004822510508043321,15.744306823641828,0.004822510508043321,15.697990179366963,0.004822510508043321,2.6776063417447076e+18,334.98570236926804,0.34157214,-1.3404000478135023,0.29985252,1.513274815972609,0.40605357,5.8204117,5.554418870449782,0.34611368,-1.739432108096059,0.40317407,0.95547575,503635968.0,60.0,77.0,5.0,262144069.0,524416.0,196608.0,262144069.0,524416.0,196608.0,262144069.0,524416.0,196608.0,262144069.0,524416.0,196608.0,262144069.0,524416.0,196608.0
1.0631334828717992e+17,334.82872259,0.011090000160038471,-1.40043161,0.01217000000178814,21.865104549314694,0.06981001499454392,20.613861394640203,0.019011010545178137,19.95949503887727,0.014304113232780457,19.92815702685078,0.04461110142013407,19.44594760824981,0.055452051714498636,3600.0,5.25,-4.0,-35.391875,-36.457092,-36.968438,-37.03472,-37.538315,-37.722382,-38.031312,-37.528174,57.040601123586555,0.020498336303347593,0.4151059331152141,18.45902907454489,0.020498336303347593,17.65146637038528,0.020498336303347593,17.684069726110415,0.020498336303347593,2.677512470939664e+18,334.8287204190346,1.6529387,-1.4004266832563836,1.5352551,nan,nan,nan,nan,nan,nan,nan,nan,436527104.0,52.0,39.0,5.0,195035141.0,655360.0,196608.0,262144069.0,524416.0,196608.0,262144069.0,524416.0,196608.0,195035205.0,524416.0,196608.0,195035141.0,524416.0,196608.0
1.063933502350737e+17,335.02356603,0.01802000030875206,-1.33900757,0.019279999658465385,22.714718238592305,0.14813745861692706,21.43221393874124,0.03369736940192752,20.832772967266138,0.022408017544465256,20.61095389645424,0.062410055112302805,20.492044205971723,0.12980101912165126,3900.0,5.25,-3.6,-35.248419,-36.397096,-36.956613,-37.155541,-37.339554,-37.557047,-37.86824,-37.466189,57.835985249405134,0.042107319147390396,0.4676382432473516,19.419748200363475,0.042107319147390396,18.609922496203858,0.042107319147390396,18.541438851928994,0.042107319147390396,-999,-999,-999,-999,-999,-999,-999,-999,-999,-999,-999,-999,-999,436527104.0,52.0,40.0,5.0,195035141.0,655360.0,196608.0,262144069.0,524416.0,196608.0,262144005.0,524416.0,196608.0,195035141.0,655360.0,196608.0,195035141.0,655360.0,196608.0
1.0657335113247456e+17,335.11325663,0.0018500000005587935,-1.18823654,0.0012499999720603228,15.201077669342213,0.0006808458986388287,14.856362264089853,0.00046241791715366976,14.709644335640776,0.00041657534939924356,14.661453105150448,0.0007249700582027013,14.607107498971052,0.001188366887261435,5687.5,0.0,0.2,-38.176313,-38.509111,-38.618504,-38.664328,-38.693207,-38.6107,-38.444098,-37.981394,53.33942157463887,0.0003339888581108666,0.03768549858128716,13.869531525597207,0.0003339888581108666,13.537500821437597,0.0003339888581108666,13.52967017716273,0.0003339888581108666,2.677615554449698e+18,335.11326001750353,0.026268298,-1.1882375094696496,0.028991513,0.8023088819230927,0.031034084,9.079393,8.728178267841477,0.034763508,-2.500859131742255,0.036762718,0.9754064,503635968.0,60.0,86.0,10.0,262144069.0,524416.0,0.0,262144069.0,524416.0,0.0,262144069.0,524416.0,0.0,262144069.0,524416.0,0.0,262144069.0,524416.0,0.0
1.0673334910233314e+17,334.91030385,0.009119999594986439,-1.05615539,0.009359999559819698,22.257346571931127,0.10315508830328882,21.14560770152492,0.02817005305656782,20.076259310792548,0.011806018971933672,19.57629678535811,0.01677924096287601,19.350193999722322,0.035271067844979756,3600.0,5.25,-3.8,-34.710644,-35.721542,-36.595287,-36.865073,-37.264321,-37.534743,-37.866763,-37.442545,56.71251427386581,0.02289060713065535,1.6797823521995323,18.318581224824147,0.02289060713065535,17.487928520664532,0.02289060713065535,17.441611876389665,0.02289060713065535,-999,-999,-999,-999,-999,-999,-999,-999,-999,-999,-999,-999,-999,436527104.0,52.0,67.0,5.0,195035141.0,655360.0,196608.0,262144005.0,524416.0,196608.0,262144069.0,524416.0,196608.0,262144069.0,524416.0,196608.0,262144005.0,524416.0,196608.0
1.06223349924769e+17,334.99247697,0.0024500000290572643,-1.47621431,0.0030499999411404133,16.200921208650875,0.0011730879563925144,15.346159310185907,0.0006138679862064337,15.05377052221113,0.0004993218416541146,14.843047317486809,0.0009152775223646772,14.786619149117037,0.001426789144934892,4625.0,1.75,0.0,-36.651698,-37.417813,-37.706368,-37.839402,-37.95236,-38.079184,-38.177894,-37.740127,52.75963170153035,0.0004416220903227205,0.15713976391088455,13.821257652488693,0.0004416220903227205,13.223914948329075,0.0004416220903227205,13.191147304054214,0.0004416220903227205,2.677507493072471e+18,334.9924779713409,0.03794473,-1.4762162372244223,0.03675956,1.7763140982528365,0.045535766,5.7379704,4.540676054640188,0.040355723,-3.5080716293716594,0.04521487,0.8938709,503635968.0,60.0,73.0,5.0,262144069.0,524416.0,196608.0,262144069.0,524416.0,196608.0,262144069.0,524416.0,196608.0,262144069.0,524416.0,196608.0,262144069.0,524416.0,196608.0
1.0630335021650251e+17,335.02162334,0.0059899999760091305,-1.41493129,0.0059899999760091305,16.57643315240869,0.00133270944913514,15.590252588985424,0.0006001651711043495,15.079404805835184,0.0004674641150807229,14.879998416276875,0.0007813518516229357,14.82107851010433,0.0016514040339228593,4312.5,1.5,0.9,-36.070045,-36.948895,-37.360955,-37.552128,-37.663274,-37.833569,-38.000548,-37.608514,52.5084928947221,0.0004771784323122866,0.355154342920541,13.815733845680445,0.0004771784323122866,13.150122141520825,0.0004771784323122866,13.071621497245966,0.0004771784323122866,2.6776023603101e+18,335.0216173065159,0.119385906,-1.4149368229593906,0.1132973,1.9973402488190621,0.13500549,17.089712,-9.199102268145143,0.1192256,-14.402597185109162,0.13657853,2.5048695,503635968.0,60.0,87.0,5.0,262144069.0,524416.0,196608.0,262144069.0,524416.0,196608.0,262144069.0,524416.0,196608.0,262144069.0,524416.0,196608.0,262144069.0,524416.0,196608.0
1.0625335129329998e+17,335.12933662,0.003329999977722764,-1.45034223,0.0020099999383091927,19.03421753397238,0.006431609173910747,18.279800345259776,0.0032522875680021024,18.017845639361784,0.002752972667525517,17.76242863288723,0.00457223103978011,17.62489671373749,0.007387525266588149,4600.0,3.25,-1.6,-36.610738,-37.278006,-37.57614,-37.726719,-37.818319,-37.957552,-38.093452,-37.672482,55.54582217304374,0.002323812864622825,0.23660654816109966,16.729080124002078,0.002323812864622825,16.094547419842463,0.002323812864622825,16.044982775567597,0.002323812864622825,2.6775547677773363e+18,335.1293380836859,0.18523657,-1.4503403164838125,0.15757945,0.6353062047061442,0.21590155,4.0821724,2.886762137783431,0.18098523,2.8863010727864533,0.19193508,1.0531877,503636096.0,60.0,79.0,5.0,262144069.0,524416.0,196608.0,262144069.0,524416.0,196608.0,262144069.0,524416.0,196608.0,262144069.0,524416.0,196608.0,262144069.0,524416.0,196608.0
1.0638334864530973e+17,334.86453892,0.012129999697208405,-1.34229493,0.007910000160336494,21.586198493527302,0.04348104920704872,20.441648691576003,0.01799118156435832,19.73744056550321,0.008924416870532513,19.4550481404089,0.021912226425153683,19.2948377950505,0.04130907786122313,3700.0,5.25,-3.8,-35.321296,-36.317193,-36.986985,-37.128968,-37.499213,-37.672445,-37.998751,-37.539705,56.75376573721318,0.01338732990757805,0.6098775696423626,18.222130688171514,0.01338732990757805,17.397191984011904,0.01338732990757805,17.38570333973704,0.01338732990757805,2.677606925860608e+18,334.86453534316325,1.1767684,-1.3422980608004045,1.0022234,0.8114945528923415,1.2281622,13.716647,0.602962573559029,1.0378308,-13.703387752905565,1.3584146,0.9638707,436527104.0,52.0,58.0,5.0,195035141.0,655488.0,196608.0,262144069.0,524416.0,196608.0,262144069.0,524416.0,196608.0,262144069.0,524416.0,196608.0,195035141.0,524416.0,196608.0
1.0649335169444589e+17,335.16947671,0.0019199999514967203,-1.25383069,0.002050000010058284,17.171817979140954,0.0019161679664872473,16.701639493812156,0.0013151374682150861,16.53987850082595,0.0014053421011730276,16.54517376824524,0.002241551228967381,16.487731295959946,0.0033861711332550167,5625.0,0.25,-1.1,-38.067357,-38.527325,-38.646094,-38.665244,-38.7205,-38.633551,-38.44407,-37.987845,55.21455220759685,0.0009770768549750674,0.02392169766227129,15.721811158555195,0.0009770768549750674,15.412659454395573,0.0009770768549750674,15.398349810120715,0.0009770768549750674,2.677611396921348e+18,335.1694790789604,0.064920016,-1.2538321087433404,0.060925227,0.28184496540281256,0.076815754,8.640362,7.524746012011704,0.07489144,-4.24665153266995,0.07259343,0.9642633,503635968.0,60.0,82.0,5.0,262144069.0,524416.0,196608.0,262144069.0,524416.0,196608.0,262144069.0,524416.0,196608.0,262144069.0,524416.0,196608.0,262144069.0,524416.0,196608.0
1.064133483749492e+17,334.83752751,0.004209999926388264,-1.31772333,0.0037299999967217445,16.123761784642316,0.0011030681248098285,15.649834103347251,0.0006056007858560557,15.444523793486365,0.00057982960805033,15.352579396117834,0.0012834758864465972,15.315739384553119,0.001385877875864679,5375.0,1.5,1.0,-37.7329,-38.162426,-38.351954,-38.420327,-38.450494,-38.441901,-38.368727,-37.920651,53.800907892429386,0.00046851603225818504,0.06478399527261951,14.499816843387723,0.00046851603225818504,14.07435813922811,0.00046851603225818504,14.051899494953249,0.00046851603225818504,2.677618956063735e+18,334.8375306388335,0.043604527,-1.3177319183191105,0.036864568,0.9004553053318805,0.049334943,20.412802,8.230283091357268,0.04461548,-18.68006735297864,0.048233625,1.0028558,503635968.0,60.0,91.0,5.0,262144069.0,524416.0,196608.0,262144069.0,524416.0,196608.0,262144069.0,524416.0,196608.0,262144069.0,524416.0,196608.0,262144069.0,524416.0,196608.0
1.064733481258305e+17,334.81253999,0.01971999928355217,-1.27497681,0.02022000029683113,23.095550828191715,0.17381643095976956,22.006771903490993,0.05360543432664202,20.881689597032288,0.02185507372847408,20.315101577209873,0.045136068648320364,20.235199796501472,0.08521502024652543,3700.0,5.25,-3.6,-34.543728,-35.514964,-36.544082,-36.906863,-37.171948,-37.45614,-37.795004,-37.42293,57.44317974048527,0.041406377710328124,1.9256493018505072,19.12784969144361,0.041406377710328124,18.290352987283995,0.041406377710328124,18.19189234300913,0.041406377710328124,-999,-999,-999,-999,-999,-999,-999,-999,-999,-999,-999,-999,-999,436527104.0,52.0,30.0,10.0,195035141.0,655360.0,0.0,195035141.0,655360.0,0.0,262144069.0,524416.0,0.0,195035141.0,655488.0,0.0,195035141.0,655360.0,0.0
1.0655334995192562e+17,334.99518519,0.005940000060945749,-1.20405301,0.004240000154823065,19.55330304809115,0.008855348867775345,18.585329439668808,0.00353665279519349,18.320851246319645,0.0035611906391243885,18.069159614565898,0.007321762123079513,17.910034310606196,0.013197290526194576,4687.5,0.75,-2.2,-36.6141,-37.538585,-37.805269,-37.934147,-38.129222,-38.210308,-38.165643,-37.745185,56.09200013185034,0.003640790426001992,0.18961181216263298,17.022502082808682,0.003640790426001992,16.568534378649062,0.003640790426001992,16.518457734374202,0.003640790426001992,2.677621528749165e+18,334.99518739523836,0.20934235,-1.2040534569003076,0.19612473,0.34709543350711214,0.25463775,5.3844733,4.807208703713843,0.22802414,-2.425551312730924,0.24221525,0.91880697,503635968.0,60.0,73.0,10.0,262144069.0,524416.0,196608.0,262144069.0,524416.0,196608.0,262144069.0,524416.0,196608.0,262144069.0,524416.0,196608.0,262144069.0,524416.0,196608.0
1.0652335179020227e+17,335.17903973,0.00937000010162592,-1.23181943,0.00989999994635582,21.116723804374402,0.02798410000243566,20.55311354305636,0.014673430674634357,20.34630989998777,0.014243362408574824,20.27979383775262,0.03299615683941739,20.354755356835454,0.08662703923367235,5437.5,5.0,-0.3,-37.795215,-38.304038,-38.463462,-38.509481,-38.54021,-38.529803,-38.455268,-37.98581,58.85262048840132,0.019793214075511097,0.0635554725604893,19.46362743935966,0.019793214075511097,19.03952973520005,0.019793214075511097,19.03845309092518,0.019793214075511097,2.6776118736626657e+18,335.17903848219373,2.4090931,-1.2318186758301006,3.0338702,nan,nan,nan,nan,nan,nan,nan,nan,436527248.0,52.0,75.0,5.0,262144069.0,524416.0,196608.0,262144005.0,524416.0,196608.0,262144069.0,524416.0,196608.0,262144069.0,655488.0,196608.0,195035141.0,524416.0,196608.0
1.0643334996981709e+17,334.99696344,0.0053900000639259815,-1.302806,0.005630000028759241,21.31973998951274,0.03885712567798902,20.05026513922047,0.011573361659268946,19.260842471444633,0.0063256617774927765,18.857979238150165,0.017382290639390067,18.740973719270336,0.022817146718758348,3600.0,5.25,-3.9,-35.051259,-36.089317,-36.781863,-36.949897,-37.401318,-37.628562,-37.949038,-37.48536,56.10069091151967,0.010013189552249724,0.9058008159833819,17.612938862478007,0.010013189552249724,16.793830158318393,0.010013189552249724,16.78697351404353,0.010013189552249724,2.6776087812865034e+18,334.9969567273036,0.6471255,-1.302809206307341,0.5528701,2.0022865545457087,0.8019039,9.08758,-7.8364148396484765,0.85068285,-4.601598541012192,0.7238057,0.99757606,436527104.0,52.0,68.0,5.0,262144005.0,655488.0,196608.0,262144069.0,524416.0,196608.0,262144069.0,524416.0,196608.0,262144069.0,524416.0,196608.0,262144069.0,524416.0,196608.0
1.0651335244501355e+17,335.2445335,0.0031900000758469105,-1.23910075,0.002369999885559082,16.826191302565586,0.001627421435057128,16.371791963771447,0.0010189618932148698,16.21845570909875,0.0007481047753598145,16.164268935725655,0.0018421111498101773,16.103926685544625,0.0026884792107319004,5562.5,0.0,-0.1,-38.00989,-38.449805,-38.579147,-38.613929,-38.662052,-38.591754,-38.428019,-37.970946,54.799891519341216,0.0007711741327823746,0.036075330280413584,15.348947470299553,0.0007711741327823746,15.01404976613994,0.0007711741327823746,15.00058812186508,0.0007711741327823746,2.677611671799251e+18,335.244536015113,0.05158632,-1.2391031041723448,0.05028156,0.6046015639097209,0.060378496,8.941175,7.647216580097862,0.063907854,-4.6329999951045195,0.05932392,1.0444989,503635968.0,60.0,76.0,5.0,262144069.0,524416.0,196608.0,262144069.0,524416.0,196608.0,262144069.0,524416.0,196608.0,262144069.0,524416.0,196608.0,262144069.0,524416.0,196608.0
1.0652335241091861e+17,335.24112194,0.009840000420808792,-1.2265534,0.005179999861866236,18.033434631043562,0.0036156431700561436,16.875955139577098,0.00144833494057284,16.282248188318654,0.0008431889578459268,16.022134551883344,0.0019239503778350796,15.744421446839965,0.0022297600301501856,3600.0,5.25,-4.0,-35.391875,-36.457092,-36.968438,-37.03472,-37.538315,-37.722382,-38.031312,-37.528174,53.26972679153253,0.0009910586683000795,0.47012989422519597,14.688154742490863,0.0009910586683000795,13.880592038331251,0.0009910586683000795,13.91319539405639,0.0009910586683000795,2.677611774878467e+18,335.2411667219532,0.06652846,-1.2265642375152632,0.07115563,1.914961236524915,0.07308365,35.967194,35.29206789107489,0.08094892,-6.936064963516031,0.081321225,0.94499195,503635968.0,60.0,67.0,5.0,262160391.0,524416.0,196608.0,262160391.0,524416.0,196608.0,262160391.0,524416.0,196608.0,262160391.0,524416.0,196608.0,262144069.0,524416.0,196608.0
1.0673335152349557e+17,335.15230119,0.0035699999425560236,-1.053993,0.00215999991632998,19.178609831386034,0.007148878112257905,18.86891169687367,0.004320129846374857,18.66256870730767,0.004803670465376242,18.689056947212737,0.009391596685656497,18.5972125312677,0.01756621893373695,5687.5,0.5,0.4,-38.154125,-38.470982,-38.591432,-38.63627,-38.65924,-38.596543,-38.453629,-37.988023,57.30168174280956,0.004425468861159909,0.06619657545876413,17.845948693767905,0.004425468861159909,17.490229989608288,0.004425468861159909,17.485301345333426,0.004425468861159909,2.677630496640968e+18,335.1523008730841,0.2266747,-1.0539940531877798,0.2366757,0.04516649899614908,0.25950485,3.0432355,0.22529590897847437,0.28832653,-3.034884557057505,0.284005,1.0248104,436527104.0,52.0,81.0,5.0,262144069.0,524416.0,196608.0,262144069.0,524416.0,196608.0,262144069.0,524416.0,196608.0,262144069.0,524416.0,196608.0,262144069.0,524416.0,196608.0
1.0637334974045763e+17,334.97401526,0.005929999984800816,-1.35239024,0.002319999970495701,19.143190735161813,0.0063896988592394436,18.293932956790556,0.0035609154580611814,17.958605739665348,0.002411394210909442,17.76995263792086,0.004830165389519093,17.66442453464632,0.008494456644278947,4562.5,1.75,0.0,-36.544799,-37.33524,-37.635856,-37.777538,-37.896898,-38.037665,-38.156717,-37.721614,55.604087520836984,0.0024884491863269007,0.1912856886586698,16.707232471795326,0.0024884491863269007,16.089547767635707,0.0024884491863269007,16.054116123360842,0.0024884491863269007,2.6776063073849605e+18,334.9740085540328,0.20326863,-1.3524041347806635,0.172368,0.6412275388931091,0.24650575,42.616592,-19.635561248789777,0.20563921,-37.82352108479887,0.22616725,1.026837,503635968.0,60.0,78.0,5.0,262144069.0,524416.0,196608.0,262144069.0,524416.0,196608.0,262144069.0,524416.0,196608.0,262144069.0,524416.0,196608.0,262144069.0,524416.0,196608.0
1.0632334944401378e+17,334.94441563,0.07704000174999237,-1.39716981,0.1686200052499771,22.369981628717937,0.09813311803974323,21.036905034938567,0.027624035105865814,20.442515736703363,0.016933019755597866,20.189659593681547,0.030913133915915374,19.87065110339829,0.056438042409432794,3600.0,5.25,-3.9,-35.051259,-36.089317,-36.781863,-36.949897,-37.401318,-37.628562,-37.949038,-37.48536,57.23667341948794,0.024348139813372194,0.5259797358818994,18.74892137044628,0.024348139813372194,17.929812666286665,0.024348139813372194,17.922956022011803,0.024348139813372194,-999,-999,-999,-999,-999,-999,-999,-999,-999,-999,-999,-999,-999,436527104.0,52.0,56.0,5.0,195035141.0,655360.0,196608.0,262144005.0,524416.0,196608.0,262144005.0,524416.0,196608.0,262144069.0,524416.0,196608.0,195035141.0,524288.0,196608.0
1.0647334830766056e+17,334.83077739,0.0045900000259280205,-1.2749039,0.004350000061094761,18.11773902853076,0.00351265081642405,17.516839250622272,0.0018004594790626,17.28387048230182,0.0017200313581814555,17.237902370047674,0.0036095752279517025,17.22676585876814,0.006066648790062769,5312.5,0.5,-0.1,-37.657285,-38.215215,-38.400546,-38.44861,-38.504633,-38.484187,-38.372371,-37.923328,55.72188119805415,0.0016537489390498318,0.05679143260138013,16.37850414901249,0.0016537489390498318,15.991687444852872,0.0016537489390498318,15.970195800578013,0.0016537489390498318,2.6776199825608945e+18,334.8307763984357,0.117249735,-1.27490488047891,0.09528886,0.25570356935611555,0.1334697,3.0625587,-0.39946542366093685,0.13028504,-3.0363947659095856,0.13432895,0.97756916,503635968.0,60.0,83.0,5.0,262144069.0,524416.0,196608.0,262144069.0,524416.0,196608.0,262144069.0,524416.0,196608.0,262144069.0,524416.0,196608.0,262144069.0,524416.0,196608.0
1.0633335140864387e+17,335.14088809,0.00800000037997961,-1.38880985,0.004209999926388264,21.89865523897938,0.0630080154534007,20.699028686570905,0.01730403757788861,19.454909450337713,0.007418283669060456,18.91343578525093,0.014440322824043188,18.59383947397766,0.021215138574250048,3400.0,5.25,-4.0,-33.977897,-35.132432,-36.04554,-36.402014,-36.961987,-37.389647,-37.68894,-37.271563,55.615947727023325,0.014118180744635375,2.2926107795597273,17.367110677981668,0.014118180744635375,16.569184973822047,0.014118180744635375,16.516027329547185,0.014118180744635375,2.677603421167267e+18,335.14089067868235,0.8154629,-1.3888122639238278,0.7024172,0.27150023679180996,0.96449333,13.840471,5.499560586575723,0.94948405,-12.700924502073654,0.8767631,0.982995,436527104.0,52.0,66.0,5.0,195035141.0,655360.0,196608.0,262144069.0,524416.0,196608.0,262144069.0,524416.0,196608.0,262144069.0,524416.0,196608.0,262144069.0,524416.0,196608.0
1.0654335058353747e+17,335.05834949,0.008949999697506428,-1.21087146,0.009089999832212925,21.93859451441275,0.07333600828921372,21.036938579402648,0.022051002515371558,19.893129050517057,0.013038108881732596,19.311777496044186,0.016301276111721504,19.098671785644907,0.029414095160041013,3600.0,5.25,-3.8,-34.710644,-35.721542,-36.595287,-36.865073,-37.264321,-37.534743,-37.866763,-37.442545,56.487195685204306,0.01692965410620665,2.404266703982857,18.093262636162645,0.01692965410620665,17.26260993200303,0.01692965410620665,17.216293287728163,0.01692965410620665,2.6776097777193743e+18,335.0583361749674,2.1370058,-1.2108736419932418,1.5569222,nan,nan,nan,nan,nan,nan,nan,nan,436527104.0,52.0,68.0,10.0,195035141.0,655360.0,196608.0,262144005.0,524416.0,196608.0,262144069.0,524416.0,196608.0,262144005.0,524416.0,196608.0,262144069.0,524416.0,196608.0
1.067133499241716e+17,334.99243451,0.0018100000452250242,-1.0740786,0.0015300000086426735,18.590017866316572,0.005316886927423337,17.501706533476614,0.0018755930851738637,16.762820116278327,0.0012267695094037494,16.43094567166841,0.001990835076956681,16.28953361204112,0.002921332612943088,3700.0,5.25,-3.8,-35.321296,-36.317193,-36.986985,-37.128968,-37.499213,-37.672445,-37.998751,-37.539705,53.76573575995621,0.0013533618583135244,0.7298246157342473,15.234100710914543,0.0013533618583135244,14.409162006754933,0.0013533618583135244,14.397673362480072,0.0013533618583135244,2.6776324250812513e+18,334.9924424121539,0.0845415,-1.0740754562561454,0.08675225,1.3874392579038635,0.1002086,16.539408,16.25597297834739,0.1087494,3.0488293757564295,0.11168428,0.993641,503635968.0,60.0,72.0,5.0,262144069.0,524416.0,196608.0,262144069.0,524416.0,196608.0,262144069.0,524416.0,196608.0,262144069.0,524416.0,196608.0,262144069.0,524416.0,196608.0
1.0655335142265229e+17,335.14227864,0.0031999999191612005,-1.20681435,0.006020000204443932,18.625402379695384,0.00404940385278385,18.103366858134496,0.002232709976286071,17.878887486863952,0.0021799281861431246,17.825490458580436,0.00496414298514824,17.720550254196503,0.008825445111996568,5250.0,1.5,0.4,-37.586414,-38.067664,-38.27511,-38.350136,-38.388338,-38.394555,-38.342116,-37.895276,56.16427188749415,0.0022686202793746678,0.08514263773450359,16.910526838452494,0.0022686202793746678,16.46433313429288,0.0022686202793746678,16.44063849001801,0.0022686202793746678,2.677614725520967e+18,335.1422785654167,0.14625958,-1.2068150377876208,0.14556266,0.24850052883457105,0.18094654,2.782727,-0.027799341998986184,0.17082445,-2.7825881961252414,0.1799413,0.9247048,503635968.0,60.0,95.0,10.0,262144069.0,524416.0,196608.0,262144069.0,524416.0,196608.0,262144069.0,524416.0,196608.0,262144069.0,524416.0,196608.0,262144069.0,524416.0,196608.0
1.0665335104354291e+17,335.10438073,0.009639999829232693,-1.12294083,0.009549999609589577,21.27755205454316,0.04321700336806645,20.510928807699532,0.015041216181313991,20.14565487117121,0.01297828615647055,19.95534503206647,0.029641168509773948,19.932615515941446,0.05274306075755143,4625.0,3.0,1.0,-36.703384,-37.377142,-37.697992,-37.841758,-37.920973,-38.022014,-38.088112,-37.691204,57.872669056284366,0.015391962583877731,0.19878171793563415,18.991465007242706,0.015391962583877731,18.426734303083087,0.015391962583877731,18.353107658808227,0.015391962583877731,2.6776281601787203e+18,335.1043706242391,2.201217,-1.1229458608967031,3.8195424,nan,nan,nan,nan,nan,nan,nan,nan,436527104.0,52.0,68.0,5.0,195035141.0,655488.0,196608.0,262144069.0,524416.0,196608.0,262144069.0,524416.0,196608.0,262144069.0,524416.0,196608.0,195035141.0,524416.0,196608.0
1.0641334946956509e+17,334.94697388,0.007069999817758799,-1.32117364,0.00803999975323677,19.437391218511472,0.008658331764128715,18.772883417845186,0.005972184886394463,18.53133968752499,0.003907009421241902,18.449311877314333,0.008437662216324079,18.383977961006106,0.015611246246024417,5125.0,1.0,-0.2,-37.400137,-38.024206,-38.232146,-38.298197,-38.371486,-38.391255,-38.330821,-37.879415,56.780215232440426,0.004199064547746158,0.07410177443295497,17.529770183398764,0.004199064547746158,17.09157147923915,0.004199064547746158,17.072442834964285,0.004199064547746158,2.6776072007381847e+18,334.9469733900877,0.28480262,-1.321175643577819,0.22812791,0.23121098473854051,0.33801952,8.304235,-4.174610487397941,0.2832035,-7.178646173461988,0.29377344,0.9919109,436527104.0,52.0,66.0,5.0,262144005.0,524416.0,196608.0,262144005.0,524416.0,196608.0,262144005.0,524416.0,196608.0,262144005.0,524416.0,196608.0,262144069.0,524416.0,196608.0
1.0638334866857592e+17,334.86688219,0.011380000039935112,-1.34544981,0.010370000265538692,15.078292775974454,0.0006501409155418824,14.599192944313144,0.0004312842591481717,14.4704556610427,0.00043265606038282874,14.445069769785498,0.0007942657932164382,14.33002762438842,0.0010966479583188297,5625.0,0.0,-1.9,-38.064779,-38.548573,-38.661975,-38.674825,-38.744551,-38.642419,-38.434213,-37.977805,53.123548355100844,0.0003243069831869311,0.03389939618876174,13.621939306059186,0.0003243069831869311,13.331512601899568,0.0003243069831869311,13.31738595762471,0.0003243069831869311,2.677606930155305e+18,334.8668819325876,0.027262611,-1.3454522098263657,0.022946848,1.3651551965483633,0.029663254,7.5054955,6.7880731189375,0.030258432,-3.2022685234111834,0.030485336,0.96844435,503635968.0,60.0,76.0,5.0,262144069.0,524416.0,196608.0,262144069.0,524416.0,196608.0,262144069.0,524416.0,196608.0,262144069.0,524416.0,196608.0,262144069.0,524416.0,196608.0
1.067233497220835e+17,334.97220215,0.005619999952614307,-1.06417252,0.005289999768137932,16.856817439383743,0.0015502672607310068,16.46458949976992,0.0009452057599878346,16.301505037930873,0.0010932399935992853,16.292862438646694,0.0027610743785525804,16.36371775477488,0.00344615353537645,5937.5,5.0,-0.3,-38.329986,-38.707433,-38.810505,-38.817746,-38.818409,-38.740697,-38.576519,-38.103009,55.152714234101225,0.000979620785922812,0.03246924146950114,15.552827185059567,0.000979620785922812,15.218372480899951,0.000979620785922812,15.221347836625087,0.000979620785922812,2.6776321115486664e+18,334.9722026388416,0.053725626,-1.0641812265025743,0.053565294,0.6215466395781235,0.060609702,19.51683,-1.3720490305978073,0.06846817,-19.468542989221024,0.06787557,0.99886006,503635968.0,60.0,73.0,5.0,262144069.0,524416.0,196608.0,262144069.0,524416.0,196608.0,262144069.0,524416.0,196608.0,262144069.0,524416.0,196608.0,262144069.0,524416.0,196608.0
1.0622334927353891e+17,334.92733875,0.00925000011920929,-1.47629312,0.005429999902844429,17.42705713503506,0.002231827016250064,16.89783190406445,0.0014945815065709382,16.74852206962617,0.0014311942057299277,16.65047949447451,0.0021296825710674268,16.629939666667816,0.004187945575364292,5437.5,0.0,0.0,-37.842577,-38.333795,-38.490797,-38.533836,-38.585538,-38.538757,-38.399275,-37.94608,55.22807465397361,0.0011195995455605392,0.038674641675881784,15.830127604931949,0.0011195995455605392,15.470976900772328,0.0011195995455605392,15.453637256497467,0.0011195995455605392,2.6775078710295977e+18,334.92733547294813,0.08843206,-1.4762948913962421,0.07998234,0.48149515478706106,0.10423476,5.1694317,-0.9361854635036492,0.09899933,-5.083953248054066,0.11638779,1.0322651,503635968.0,60.0,69.0,5.0,262144069.0,524416.0,196608.0,262144069.0,524416.0,196608.0,262144069.0,524416.0,196608.0,262144069.0,524416.0,196608.0,262144069.0,524416.0,196608.0
1.0664335120857126e+17,335.12086014,0.013670000247657299,-1.13261995,0.013779999688267708,22.563289624555388,0.11289215260354137,21.439253505565276,0.034337086559604386,20.46018360515181,0.01723700303247046,19.921385903589627,0.02479415628292124,19.663781292743725,0.042637054567713314,3600.0,5.25,-3.8,-34.710644,-35.721542,-36.595287,-36.865073,-37.264321,-37.534743,-37.866763,-37.442545,57.04095218632117,0.025809654406362376,1.5558553139071514,18.64701913727951,0.025809654406362376,17.816366433119896,0.025809654406362376,17.77004978884503,0.025809654406362376,-999,-999,-999,-999,-999,-999,-999,-999,-999,-999,-999,-999,-999,436527104.0,52.0,45.0,5.0,195035141.0,655360.0,196608.0,262144005.0,524416.0,196608.0,262144005.0,524416.0,196608.0,262144005.0,524416.0,196608.0,195035141.0,655488.0,196608.0
1.065733488944542e+17,334.8894733,0.03847000002861023,-1.18855485,0.061489999294281006,20.13927913921369,0.012531078672284385,19.68273642719057,0.007690463777712057,19.610180580339012,0.008186876120291477,19.498358301907363,0.0158743465586424,19.44381432377352,0.035904105963950876,5625.0,0.0,-0.2,-38.087592,-38.508504,-38.624748,-38.65516,-38.702826,-38.617959,-38.438618,-37.98105,58.190639754484835,0.008542355202520615,0.03988860726442181,18.713490705443174,0.008542355202520615,18.39419900128356,0.008542355202520615,18.38123235700869,0.008542355202520615,2.6776223533828966e+18,334.8894799278739,0.48516282,-1.1885522871358158,0.43727586,-0.2163675449056358,0.57307917,8.200135,7.992396998083656,0.6428928,-1.8340700991911323,0.57202,1.0184883,436527232.0,52.0,92.0,10.0,262144069.0,524416.0,0.0,262144069.0,524416.0,0.0,262144069.0,524416.0,0.0,262144005.0,524416.0,0.0,262144069.0,524416.0,0.0
1.0662334882953264e+17,334.88299902,0.008469999767839909,-1.14818549,0.0065899998880922794,22.328211231484122,0.09140500285124005,21.046849557927263,0.02573601578261091,19.72256428083591,0.008815064485134704,19.09365789452807,0.011611362937269287,18.924866364705387,0.022691112462770394,3600.0,5.25,-3.6,-34.029413,-34.985993,-36.222136,-36.695426,-36.990327,-37.347104,-37.702214,-37.356916,56.007888865896156,0.019742981285038153,2.5110130881108654,17.801594816854493,0.019742981285038153,16.947852112694882,0.019742981285038153,16.822615468420018,0.019742981285038153,2.6776255187735e+18,334.8830074606146,1.1325047,-1.1481813290350382,1.1391358,3.456092465268654,1.4295493,26.365635,26.354024579293714,1.4902699,0.7823416179339127,1.3811816,1.211665,436527104.0,52.0,70.0,5.0,195035141.0,655360.0,196608.0,262144069.0,524416.0,196608.0,262144069.0,524416.0,196608.0,262144069.0,524416.0,196608.0,262144069.0,524416.0,196608.0
1.0671334941980723e+17,334.9419714,0.009089999832212925,-1.06939211,0.009279999881982803,20.412090197125263,0.022414391684113386,19.565434297110674,0.008302009945504677,19.22760664984298,0.006782889132791633,19.05225357235467,0.011627459169495835,18.945825197975378,0.02235016136332479,4625.0,1.5,-0.2,-36.631516,-37.427188,-37.711372,-37.844552,-37.969555,-38.093615,-38.177309,-37.740564,56.95747858288179,0.00707690166215923,0.18492786586061927,18.00467353384013,0.00707690166215923,17.422346829680514,0.00707690166215923,17.388557185405652,0.00707690166215923,2.6776323520668314e+18,334.9419750355518,0.36960363,-1.0693888000932388,0.3726733,0.6690673767886547,0.44040877,3.6057794,3.1620096780074225,0.53444356,-1.733014885124927,0.49290532,0.98515594,436527104.0,52.0,72.0,5.0,262144005.0,524416.0,196608.0,262144069.0,524416.0,196608.0,262144069.0,524416.0,196608.0,262144069.0,524416.0,196608.0,262144069.0,524416.0,196608.0
1.0631335087680363e+17,335.08767209,0.004470000043511391,-1.40566167,0.002139999996870756,14.946242064228278,0.0008218447530892992,14.576323381339572,0.00040777560585553016,14.423973919457149,0.00045739970827690164,14.395957489433691,0.0005908021488704457,14.38931258596369,0.0009701240891038503,5812.5,2.75,0.2,-38.205774,-38.553546,-38.679116,-38.702831,-38.713145,-38.64722,-38.499068,-38.035771,53.11724428808448,0.00030601386657552385,0.02397137001227902,13.61083423904282,0.00030601386657552385,13.260353534883201,0.00030601386657552385,13.253115890608344,0.00030601386657552385,2.6776020510724536e+18,335.0876680485173,0.029110668,-1.405665991774389,0.026742917,0.6082053894284164,0.035829425,8.807162,-3.1785198673287907,0.03197407,-8.213593334973867,0.033934653,1.1019228,503635968.0,60.0,73.0,5.0,262144069.0,524416.0,196608.0,262144069.0,524416.0,196608.0,262144069.0,524416.0,196608.0,262144069.0,524416.0,196608.0,262144069.0,524416.0,196608.0
1.0633335029679368e+17,335.02952953,0.010990000329911709,-1.38905199,0.011950000189244747,20.830891250641326,0.02847004738280588,20.601248138136953,0.018445331836704982,20.447741188746384,0.015813321317193412,20.527037101260458,0.05073410090493861,20.676489930840408,0.13650102472164594,6625.0,5.0,-0.3,-38.922604,-39.155909,-39.192369,-39.154224,-39.126613,-38.977035,-38.725419,-38.235067,59.727025321925105,0.030071457390900138,0.08001108735365985,19.890800272883443,0.030071457390900138,19.643783568723826,0.030071457390900138,19.663600924448964,0.030071457390900138,2.6776028370513577e+18,335.0295239030616,1.6091492,-1.389052918871988,1.6353651,nan,nan,nan,nan,nan,nan,nan,nan,436527104.0,52.0,59.0,5.0,262144005.0,524416.0,196608.0,262144069.0,524416.0,196608.0,262144005.0,524416.0,196608.0,195035141.0,655360.0,196608.0,195035141.0,524416.0,196608.0
1.0653334982647461e+17,334.98261999,0.013039999641478062,-1.22156165,0.0181099995970726,21.04991961191848,0.027831025203988443,20.74152346081756,0.02054127207983159,20.679628180176945,0.020707233989979413,20.684635647441088,0.06700107712290726,20.286686725902484,0.09703503360553432,5625.0,0.0,0.2,-38.097755,-38.457704,-38.579674,-38.627742,-38.659093,-38.588557,-38.433963,-37.972969,59.17287232525131,0.024924077872238652,0.4211375211487771,19.72512527620965,0.024924077872238652,19.381086572050037,0.024924077872238652,19.371545927775173,0.024924077872238652,2.6776211164322924e+18,334.982616261502,1.9984224,-1.221570907623253,2.398045,nan,nan,nan,nan,nan,nan,nan,nan,436527104.0,52.0,53.0,5.0,262144005.0,524416.0,196608.0,262144069.0,524416.0,196608.0,262144069.0,524416.0,196608.0,195035141.0,655360.0,196608.0,195035141.0,524416.0,196608.0
1.0646334850119742e+17,334.8501505,0.002739999908953905,-1.27751878,0.0014900000533089042,17.900634742697697,0.0029532113834403293,17.45379454242251,0.0016961093634177014,17.34210792889702,0.0021360856563746146,17.278962146042772,0.0032557495304332325,17.299719123717505,0.0084734650861573,5750.0,1.25,-0.3,-38.185665,-38.599609,-38.716083,-38.742131,-38.758658,-38.67391,-38.488603,-38.032685,56.05547289675551,0.0019855540481242715,0.018527746468676082,16.52237284771385,0.0019855540481242715,16.209047143554237,0.0019855540481242715,16.19443049927937,0.0019855540481242715,2.677619913841416e+18,334.85015475333626,0.11026889,-1.277520789322222,0.091993086,0.45031783884892856,0.12523878,12.010462,10.26366762975336,0.119054876,-6.237653130990526,0.12059406,0.97588277,503635968.0,60.0,83.0,5.0,262144069.0,524416.0,196608.0,262144069.0,524416.0,196608.0,262144069.0,524416.0,196608.0,262144069.0,524416.0,196608.0,262144069.0,524416.0,196608.0
1.0658334963526515e+17,334.9634948,0.009159999899566174,-1.17944138,0.02988000027835369,19.912515504602858,0.012015206355062077,19.549951184300816,0.006756713557150986,19.37638640231499,0.007223009732890136,19.316758746563274,0.02010627504081671,19.3391154271871,0.03193011761298091,5750.0,2.75,1.0,-38.111902,-38.451535,-38.592256,-38.630774,-38.641537,-38.590764,-38.4628,-38.00638,57.9845462529938,0.008163295751705437,0.03609468462209809,18.53459220395214,0.008163295751705437,18.163923499792524,0.008163295751705437,18.149808855517662,0.008163295751705437,2.677622559541332e+18,334.9634959123834,0.47423092,-1.1794428180581864,0.33941016,0.03962640651727993,0.5649799,8.599922,-1.5384138978640192,0.47108892,-8.461202489266697,0.4475371,0.94426876,436527104.0,52.0,79.0,5.0,262144069.0,524416.0,196608.0,262144069.0,524416.0,196608.0,262144005.0,524416.0,196608.0,262144005.0,524416.0,196608.0,262144005.0,524416.0,196608.0
1.063233499192491e+17,334.99191103,0.009970000013709068,-1.39279246,0.010499999858438969,21.919221934712933,0.06338601050861957,20.826894542033084,0.02047202986645038,20.249769933607418,0.012740162821047752,20.02912270004886,0.03362613972787478,19.906207954163342,0.06186404748414137,3800.0,5.25,-3.8,-35.867083,-36.863333,-37.336236,-37.374505,-37.714677,-37.807618,-38.129643,-37.640044,57.61741021291313,0.01955206355132586,0.4285069464162563,18.95060216387147,0.01955206355132586,18.12994445971185,0.01955206355132586,18.149008815436986,0.01955206355132586,2.6776027039076475e+18,334.99191823151966,6.201928,-1.3928059593175612,10.053331,nan,nan,nan,nan,nan,nan,nan,nan,436527104.0,52.0,59.0,5.0,195035141.0,655360.0,196608.0,262144069.0,524416.0,196608.0,262144069.0,524416.0,196608.0,262144005.0,524416.0,196608.0,195035141.0,524416.0,196608.0
1.064433521204395e+17,335.21207205,0.0057299998588860035,-1.29247598,0.005760000087320805,22.194644900100794,0.09575200686215213,20.86752359086928,0.02505002794174319,19.50094977744308,0.0073780571545633495,18.897770680653444,0.010008414777942256,18.548181883882922,0.01877813247958956,3400.0,5.25,-3.8,-33.558321,-34.70938,-35.862082,-36.340758,-36.805771,-37.241216,-37.538762,-37.180821,55.457076566589905,0.020300909409360062,2.699053647950165,17.356670517548242,0.020300909409360062,16.56049181338863,0.020300909409360062,16.447898169113763,0.020300909409360062,2.6776102931149967e+18,335.21205150178184,0.8517134,-1.292478771104522,0.7771866,1.0738283746672737,0.9280676,21.759684,-20.488106130098597,1.2492015,-7.329482940186772,1.139369,1.0805775,436527104.0,52.0,71.0,10.0,195035141.0,655360.0,196608.0,262144005.0,524416.0,196608.0,262144069.0,524416.0,196608.0,262144069.0,524416.0,196608.0,262144069.0,524416.0,196608.0
1.0641334961738218e+17,334.96175489,0.002139999996870756,-1.32356821,0.002460000105202198,18.09838996269725,0.0031240835234891185,16.873480239375212,0.0012837488298949114,16.082999737009988,0.0006875867222265555,15.717372738607738,0.0013422357902108859,15.534666547600771,0.0021977876127992685,3600.0,5.25,-3.9,-35.051259,-36.089317,-36.781863,-36.949897,-37.401318,-37.628562,-37.949038,-37.48536,52.9161126450582,0.0008605242989729447,0.8295345783586391,14.428360596016535,0.0008605242989729447,13.609251891856921,0.0008605242989729447,13.602395247582061,0.0008605242989729447,2.6776071706734725e+18,334.9617636406094,0.0838581,-1.3235668767491922,0.07287969,1.7518799156804845,0.10224636,20.277647,20.273740732728037,0.0868567,0.3979691244959846,0.095230274,1.0577483,503635968.0,60.0,83.0,5.0,262144069.0,524416.0,196608.0,262144069.0,524416.0,196608.0,262144069.0,524416.0,196608.0,262144069.0,524416.0,196608.0,262144069.0,524416.0,196608.0
1.0670334946061194e+17,334.94606336,0.008390000090003014,-1.08211809,0.012489999644458294,16.946529589938404,0.0021256573203544027,16.507143896848252,0.0011143471095217208,16.312379695212304,0.0010792699884394456,16.321773971541703,0.0018680619159691721,16.163232540498225,0.002904365505199585,5562.5,0.0,-1.0,-37.998129,-38.476797,-38.603083,-38.626733,-38.688822,-38.607678,-38.425352,-37.968574,54.92892473880777,0.0008683318845167305,0.0845290054373494,15.462056689766111,0.0008683318845167305,15.1457499856065,0.0008683318845167305,15.131993341331638,0.0008683318845167305,2.6776321802681334e+18,334.9460659999099,0.061075896,-1.0821161861183104,0.0574392,0.5996035625719005,0.06811728,4.3242583,4.219765915317829,0.08093078,0.9448732588260359,0.07492971,1.0331948,503636096.0,60.0,73.0,5.0,262144069.0,524416.0,196608.0,262144069.0,524416.0,196608.0,262144069.0,524416.0,196608.0,262144069.0,524416.0,196608.0,262144069.0,524416.0,196608.0
1.0643334862226725e+17,334.86239922,0.012679999694228172,-1.30270762,0.013650000095367432,21.34427534697901,0.03578100322726814,20.840699625003356,0.02150719583563707,20.681907744328004,0.01939021624806131,20.542977082910934,0.04366911612148369,20.521437398286796,0.09388903351663369,5375.0,0.25,1.0,-37.754241,-38.197804,-38.385606,-38.456973,-38.488174,-38.465206,-38.363997,-37.91656,59.042819039501616,0.022663594126552822,0.06330359558023124,19.718422990459953,0.022663594126552822,19.320999286300342,0.022663594126552822,19.29790164202548,0.022663594126552822,-999,-999,-999,-999,-999,-999,-999,-999,-999,-999,-999,-999,-999,436527104.0,52.0,63.0,5.0,262144005.0,655488.0,196608.0,262144069.0,524416.0,196608.0,262144069.0,524416.0,196608.0,195035141.0,655488.0,196608.0,195035141.0,655360.0,196608.0
1.0649335017316038e+17,335.01731769,0.005510000046342611,-1.25840184,0.004290000069886446,19.50027253330109,0.007965775522216058,18.57258739981762,0.003759521530981396,18.137277303768233,0.003067582522124469,17.89037790251791,0.0075097451203436985,17.740355840770178,0.009231416966840812,4250.0,2.0,0.3,-36.015299,-36.861696,-37.250511,-37.440284,-37.563954,-37.772658,-38.007961,-37.602791,55.39452299603501,0.0030239905775679603,0.3555938197368782,16.762674946993346,0.0030239905775679603,16.02873924283373,0.0030239905775679603,15.963374598558866,0.0030239905775679603,2.6776090218043643e+18,335.01732073683854,0.21630572,-1.258403135893219,0.2061695,0.4901195380693988,0.26398578,7.657246,1.9713030331282984,0.24762507,-7.399147451139007,0.25531843,1.0773907,503635968.0,60.0,84.0,5.0,262144069.0,524416.0,196608.0,262144069.0,524416.0,196608.0,262144069.0,524416.0,196608.0,262144069.0,524416.0,196608.0,262144069.0,524416.0,196608.0
1.0639335105155584e+17,335.10511645,0.004430000204592943,-1.3372041,0.0034199999645352364,18.87953807199751,0.00504340274353896,17.686716672855905,0.002122653791493534,16.44160394831456,0.0009953142204888134,15.886434516688055,0.0017212769066095375,15.653338226945504,0.0027314234251044423,3600.0,5.25,-3.7,-34.370028,-35.353768,-36.408712,-36.78025,-37.127324,-37.440923,-37.784489,-37.399731,52.91754268736031,0.0012861677785735736,2.2000121975637437,14.61742963831865,0.0012861677785735736,13.775230934159033,0.0012861677785735736,13.68945428988417,0.0012861677785735736,2.677604623757793e+18,335.1051000597135,0.095283866,-1.3372255878057209,0.10503696,3.3975970977354155,0.121800445,60.92135,-35.58274984455258,0.114068575,-49.44975953038108,0.11600703,1.0439284,503635968.0,60.0,76.0,5.0,262144069.0,524416.0,196608.0,262144069.0,524416.0,196608.0,262144069.0,524416.0,196608.0,262144069.0,524416.0,196608.0,262144069.0,524416.0,196608.0
1.0655334800957133e+17,334.80096399,0.01867000013589859,-1.20759544,0.0188400000333786,22.135056792627864,0.09569430790435293,21.263598141209602,0.03622502222072718,20.867784304988717,0.02554801453265413,20.639465703711917,0.039071106791860266,20.5807402924319,0.08723902548350512,4375.0,3.0,0.3,-36.269646,-37.045312,-37.399606,-37.568996,-37.677971,-37.856736,-38.046114,-37.642513,58.289635246994,0.028467211173557973,0.2528421119360291,19.573709197952343,0.028467211173557973,18.885698493792724,0.028467211173557973,18.818764849517862,0.028467211173557973,-999,-999,-999,-999,-999,-999,-999,-999,-999,-999,-999,-999,-999,436527104.0,52.0,41.0,20.0,195035141.0,655360.0,0.0,262144069.0,524416.0,0.0,262144069.0,524416.0,0.0,195035141.0,524416.0,0.0,195035141.0,655360.0,0.0
1.0656334854522165e+17,334.85452535,0.008489999920129776,-1.19900133,0.014779999852180481,15.801868991845275,0.000794242276880094,15.360408604548487,0.0005310693446796253,15.2367141695322,0.0004755770150547474,15.134963049873466,0.0011290974682611537,15.145220239800473,0.001296083576989792,5562.5,0.0,0.2,-38.019196,-38.406297,-38.540844,-38.591157,-38.62498,-38.566415,-38.423829,-37.964544,53.77232981111999,0.0004046590007335514,0.03088567981007006,14.346724762078328,0.0004046590007335514,13.990678057918714,0.0004046590007335514,13.979428413643854,0.0004046590007335514,2.677623800786947e+18,334.8545260582599,0.034144744,-1.1990026049546267,0.031714715,0.618645483621656,0.038709056,7.512653,-1.3104228911594726,0.04443135,-7.397482557880243,0.04387664,0.9223743,503636096.0,60.0,90.0,10.0,262144069.0,524416.0,0.0,262144069.0,524416.0,0.0,262144069.0,524416.0,0.0,262144069.0,524416.0,0.0,262144069.0,524416.0,0.0
1.0632335168600174e+17,335.16862628,0.00279000005684793,-1.39890373,0.0026700000744313,20.209422381751263,0.014691373228699582,18.976506192240947,0.005576911594269271,17.777099297447645,0.0021881733228730025,17.255633457227976,0.003934389536293457,17.014037880713662,0.005671656543470659,3600.0,5.25,-3.7,-34.370028,-35.353768,-36.408712,-36.78025,-37.127324,-37.440923,-37.784489,-37.399731,54.2545562418763,0.0034604832132901207,1.9738141082864904,15.954443192834642,0.0034604832132901207,15.112244488675024,0.0034604832132901207,15.02646784440016,0.0034604832132901207,2.677556485764291e+18,335.1686370705391,0.21650177,-1.3989089025538548,0.1833703,1.9072438863191548,0.24920557,17.117655,12.225521759740047,0.23784955,-11.981264906062881,0.22535454,0.97815794,503635968.0,60.0,82.0,5.0,262144005.0,524416.0,196608.0,262144005.0,524416.0,196608.0,262144069.0,524416.0,196608.0,262144069.0,524416.0,196608.0,262144069.0,524416.0,196608.0
1.0646335218874482e+17,335.21886711,0.012199999764561653,-1.27972037,0.012539999559521675,21.364805752500175,0.0443430021693579,20.840026559714364,0.022520122207848464,20.537465323681918,0.019104181034829217,20.467401243815303,0.037628129799294724,20.472864223665066,0.0859940350850639,5250.0,5.0,1.0,-37.551235,-38.03384,-38.252688,-38.333206,-38.366377,-38.362356,-38.287776,-37.866163,58.84398182067537,0.02158636393750778,0.10725733851849248,19.622435771633707,0.02158636393750778,19.19838306747409,0.02158636393750778,19.149461423199227,0.02158636393750778,-999,-999,-999,-999,-999,-999,-999,-999,-999,-999,-999,-999,-999,436527104.0,52.0,62.0,5.0,195035141.0,524416.0,196608.0,262144005.0,524416.0,196608.0,262144069.0,524416.0,196608.0,262144069.0,655488.0,196608.0,195035141.0,655360.0,196608.0
1.0641335069368026e+17,335.06941171,0.008990000002086163,-1.32520116,0.007400000002235174,20.499615234030735,0.020101304488568787,20.08697613275821,0.011297752408037948,20.00135026501494,0.012533484874335648,19.94885433737915,0.025838207678629762,19.801009719121,0.05160107005912299,5687.5,0.0,-1.0,-38.15786,-38.582285,-38.685119,-38.704618,-38.758775,-38.653581,-38.449561,-37.992129,58.64529253766081,0.012679232314302322,0.0669565091755189,19.132521488619144,0.012679232314302322,18.83790878445953,0.012679232314302322,18.82480614018467,0.012679232314302322,2.677604864275972e+18,335.06940979316977,0.6809403,-1.3252043330102115,0.6162253,0.9212255125032077,0.8313086,7.7411323,2.620444681352837,1.0124071,-7.284119786973824,0.8307656,0.88052565,436527104.0,52.0,75.0,5.0,262144069.0,524416.0,196608.0,262144069.0,524416.0,196608.0,262144005.0,524416.0,196608.0,262144069.0,524416.0,196608.0,195035141.0,524416.0,196608.0
1.0643334972251867e+17,334.97225719,0.006440000142902136,-1.30150017,0.00203000009059906,20.536277153697124,0.017734973984146814,19.41235019101829,0.007179352595528791,18.28312678749739,0.0029891968790121334,17.804807580743226,0.0045801827202314955,17.477105961904204,0.007737474816585331,3600.0,5.25,-3.7,-34.370028,-35.353768,-36.408712,-36.78025,-37.127324,-37.440923,-37.784489,-37.399731,54.71074993497205,0.004270148916273462,1.895193037067066,16.41063688593039,0.004270148916273462,15.568438181770773,0.004270148916273462,15.48266153749591,0.004270148916273462,2.6776073725368986e+18,334.97226075937095,0.30299985,-1.3015021477832338,0.27452102,0.4671899731817587,0.35556626,11.1279745,8.89631993062096,0.4131114,-6.684857361050941,0.35669386,1.0210867,503635968.0,60.0,87.0,5.0,262144069.0,524416.0,196608.0,262144069.0,524416.0,196608.0,262144069.0,524416.0,196608.0,262144069.0,524416.0,196608.0,262144069.0,524416.0,196608.0
1.0638335011308869e+17,335.01130136,0.001769999973475933,-1.34316941,0.002309999894350767,16.196301775048163,0.001457692177217794,15.697944518715751,0.000663766893494964,15.410325840518393,0.0007225382426395032,15.456895313780274,0.0012226920642384215,15.336558075281342,0.002004983736154893,5375.0,0.0,0.0,-37.752178,-38.27633,-38.448049,-38.494834,-38.54957,-38.512147,-38.38145,-37.931342,53.923797304668796,0.0005865986754398866,0.10785351802123719,14.552460255627135,0.0005865986754398866,14.184524551467518,0.0005865986754398866,14.164097907192657,0.0005865986754398866,2.677606242960536e+18,335.0112999400619,0.05340503,-1.343187962014363,0.044043094,1.1277411033718636,0.063021295,41.27087,-1.3183380887794316,0.052171372,-41.249808483938374,0.056864697,0.92686427,503635968.0,60.0,71.0,5.0,262144069.0,524416.0,196608.0,262144069.0,524416.0,196608.0,262144069.0,524416.0,196608.0,262144069.0,524416.0,196608.0,262144069.0,524416.0,196608.0
1.0630335076766226e+17,335.07677027,0.003640000009909272,-1.4151237,0.005189999938011169,18.676533072832584,0.005188464082124895,18.374356754610975,0.003460161947393737,18.340095449676753,0.003865160448347475,18.359429724902792,0.008090697831701956,18.33688240384008,0.014074276689679642,6187.5,1.5,-2.0,-38.670075,-38.96524,-38.999827,-38.977738,-39.007224,-38.8549,-38.598833,-38.125766,57.34148028117264,0.0035630155838375327,0.00022980061005617355,17.62739023213098,0.0035630155838375327,17.384824527971368,0.0035630155838375327,17.387356883696505,0.0035630155838375327,2.677601943698141e+18,335.0767729483019,0.21398643,-1.4151239686750414,0.18792233,-0.11705536092485237,0.2786882,8.733754,8.533697358997117,0.21655309,-1.8586224699702871,0.2526029,0.9765423,436527104.0,52.0,75.0,5.0,262144069.0,524416.0,196608.0,262144069.0,524416.0,196608.0,262144069.0,524416.0,196608.0,262144069.0,524416.0,196608.0,262144069.0,524416.0,196608.0
1.063233491894407e+17,334.91895361,0.010080000385642052,-1.39992987,0.009750000201165676,22.14366240378713,0.07491701772296275,20.90342135652407,0.022791001814564914,20.107319393630416,0.012739104539097127,19.694676414146286,0.021234210591861306,19.485270730540748,0.045678061707822806,3600.0,5.25,-3.9,-35.051259,-36.089317,-36.781863,-36.949897,-37.401318,-37.628562,-37.949038,-37.48536,56.921600859725736,0.018795372955613777,0.924532012646891,18.433848810684072,0.018795372955613777,17.614740106524458,0.018795372955613777,17.607883462249596,0.018795372955613777,2.6775119211838643e+18,334.9189407304157,2.0932875,-1.3999461535230078,1.6032362,nan,nan,nan,nan,nan,nan,nan,nan,436527104.0,52.0,61.0,5.0,195035141.0,655360.0,196608.0,262144069.0,524416.0,196608.0,262144069.0,524416.0,196608.0,262144069.0,524416.0,196608.0,195035141.0,524416.0,196608.0
1.0621334922275757e+17,334.92223829,0.00471000000834465,-1.48556124,0.00687999976798892,18.50438233648537,0.004270901806633672,18.13929129849786,0.00291511567853179,18.04930938060055,0.002677189553028496,18.04604658645413,0.005938955073509616,17.987501039095953,0.011603337678361,5875.0,0.0,-1.7,-38.376486,-38.741776,-38.810128,-38.820423,-38.870285,-38.723678,-38.481885,-38.023094,56.86912572822678,0.0028552721636104055,0.00855935006161592,17.286257679185116,0.0028552721636104055,17.029417975025503,0.0028552721636104055,17.017674330750637,0.0028552721636104055,2.677507866734635e+18,334.9222375972952,0.20164238,-1.4855673135844147,0.16355823,0.21643128133371817,0.23678322,13.010561,5.6690684929732695,0.19971317,-11.71052348381444,0.2224467,0.9581608,436527104.0,52.0,78.0,5.0,262144069.0,524416.0,196608.0,262144069.0,524416.0,196608.0,262144069.0,524416.0,196608.0,262144069.0,524416.0,196608.0,262144069.0,524416.0,196608.0
1.0667335156457189e+17,335.15647015,0.01768999919295311,-1.10710254,0.04565000161528587,16.41349311275688,0.0011899193190294875,15.998917559419564,0.0006631148028043216,15.843919010089843,0.0006207621077233098,15.855764087903596,0.0017422946747160293,15.816621059240735,0.0021058928100577672,5750.0,0.75,-0.7,-38.208326,-38.619063,-38.724205,-38.736285,-38.775543,-38.681349,-38.484964,-38.027134,54.59842736588212,0.0006232607827508398,0.0216080816558164,15.057888316840458,0.0006232607827508398,14.755640612680843,0.0006232607827508398,14.742935968405982,0.0006232607827508398,2.6776179596316273e+18,335.15647047413705,0.9121292,-1.1071064744258199,1.0162271,nan,nan,nan,nan,nan,nan,nan,nan,503635968.0,60.0,87.0,5.0,262144069.0,524416.0,196608.0,262144069.0,524416.0,196608.0,262144069.0,524416.0,196608.0,262144069.0,524416.0,196608.0,262144069.0,524416.0,196608.0
1.062633495007532e+17,334.95006344,0.002739999908953905,-1.44773485,0.0030700000934302807,19.706787583132318,0.010325161959005753,18.386373200019616,0.003610387581579473,17.54354075633858,0.00210558364497957,17.182594557590164,0.0033086765577958876,16.934991689161517,0.005187732660547319,3500.0,5.25,-4.0,-34.684886,-35.794762,-36.506989,-36.718367,-37.250151,-37.556015,-37.860125,-37.399868,54.14188855724845,0.0025450914417862918,0.9286458467084068,15.726683508206786,0.0025450914417862918,14.923940804047177,0.0025450914417862918,14.913663159772314,0.0025450914417862918,2.6775085882891556e+18,334.95006011727827,0.17134383,-1.447743064491067,0.15657389,1.2076945184348513,0.20565465,22.982311,-8.741013403863324,0.17228898,-21.255148843362118,0.1933204,1.0172783,503635968.0,60.0,67.0,5.0,262144069.0,524416.0,196608.0,262144069.0,524416.0,196608.0,262144069.0,524416.0,196608.0,262144069.0,524416.0,196608.0,262144069.0,524416.0,196608.0
1.0660335177821117e+17,335.177829,0.009730000048875809,-1.16604691,0.007149999961256981,16.564390108291544,0.0014744707226795842,15.87322142130003,0.0006878639313619534,15.740262053686099,0.0006089300469529383,15.532000770566345,0.0011709004420498027,15.47586393825885,0.0015375877813816128,5062.5,2.5,-0.5,-37.314181,-37.950096,-38.158667,-38.235993,-38.31385,-38.355039,-38.325874,-37.872693,53.831705058420575,0.0005197384162378818,0.104010125211709,14.617476009378915,0.0005197384162378818,14.1480083052193,0.0005197384162378818,14.130654660944439,0.0005197384162378818,2.677615348291265e+18,335.17782606307264,0.044335064,-1.1660468813748792,0.043858726,1.1264873717865656,0.0494736,3.3743489,-3.362728037056889,0.052151617,0.2798030294520617,0.050310817,0.9893978,503635968.0,60.0,93.0,5.0,262144069.0,524416.0,196608.0,262144069.0,524416.0,196608.0,262144069.0,524416.0,196608.0,262144069.0,524416.0,196608.0,262144069.0,524416.0,196608.0
1.0644335221933398e+17,335.22197183,0.002950000111013651,-1.29706909,0.003590000094845891,18.735419439166876,0.004934926871072225,18.35402641559981,0.0034462333030443417,18.160723062911003,0.0029398644147886977,18.082663974720607,0.0055980106320348295,17.989121584359268,0.009271421120351305,5500.0,1.0,1.0,-37.898522,-38.290164,-38.456883,-38.514696,-38.538855,-38.50838,-38.401675,-37.951928,56.60421489535152,0.0025469181581390067,0.09638541832747723,17.236644846309854,0.0025469181581390067,16.844717142150245,0.0025469181581390067,16.823929497875376,0.0025469181581390067,2.677610293114662e+18,335.2219708981436,0.18697481,-1.2970710235359015,0.16187218,0.22251353102119917,0.22232006,4.7087917,-1.1665575484374047,0.2227804,-4.56200219736632,0.21049869,1.0128548,436527104.0,52.0,79.0,5.0,262144069.0,524416.0,196608.0,262144069.0,524416.0,196608.0,262144069.0,524416.0,196608.0,262144069.0,524416.0,196608.0,262144069.0,524416.0,196608.0
1.0647334886609445e+17,334.88669244,0.001930000027641654,-1.27155349,0.0015399999683722854,15.757616989371824,0.0008558856373802646,15.156931185528782,0.0006171668740867069,14.928066684389075,0.0004173450145047729,14.788001119047799,0.0007803870428903355,14.712165326296608,0.0010607651613191728,4900.0,5.0,-2.0,-37.133188,-37.691784,-37.934121,-38.034155,-38.104453,-38.186576,-38.247609,-37.807096,52.84809646092681,0.0003476687331386233,0.10388981985534966,13.802330411885148,0.0003476687331386233,13.242664707725538,0.0003476687331386233,13.212643063450672,0.0003476687331386233,2.6776195058195487e+18,334.88669503191915,0.035227563,-1.2715557419453518,0.030065779,0.5102790283846494,0.039376352,8.995996,4.940862610470208,0.04259647,-7.5177004959585805,0.039785296,1.0881214,503635968.0,60.0,86.0,5.0,262144069.0,524416.0,196608.0,262144069.0,524416.0,196608.0,262144069.0,524416.0,196608.0,262144069.0,524416.0,196608.0,262144069.0,524416.0,196608.0
1.0645335142896166e+17,335.1429403,0.005109999794512987,-1.29063635,0.003980000037699938,21.91125872615733,0.05777303615855019,20.720569782524795,0.01721206702598078,19.396578116351108,0.006446386435715309,18.81014595991233,0.010100469356168675,18.46045156582393,0.016007190125959452,3400.0,5.25,-3.9,-33.768109,-34.920906,-35.953811,-36.371386,-36.883879,-37.315431,-37.613851,-37.226192,55.439419030153914,0.012702416263539929,2.656945519292085,17.264797981112256,0.012702416263539929,16.46774527695264,0.012702416263539929,16.384869632677777,0.012702416263539929,2.6776053796725535e+18,335.1429443199338,0.67045945,-1.2906352810046688,0.6559744,2.193687487738793,0.9085682,8.719055,8.71591472534437,0.86560166,0.2340009224688926,0.8331545,0.9990364,436527104.0,52.0,79.0,5.0,195035141.0,655360.0,196608.0,262144069.0,524416.0,196608.0,262144069.0,524416.0,196608.0,262144069.0,524416.0,196608.0,262144069.0,524416.0,196608.0
1.0641335078942867e+17,335.07894333,0.003449999960139394,-1.31815177,0.002570000011473894,19.386405620219143,0.008101445899100904,18.893535177560967,0.004951664127018378,18.75677616766432,0.004749663707167043,18.59297349868269,0.0076497308702431635,18.427830620471003,0.014638262842933708,5250.0,2.0,1.0,-37.574549,-38.039084,-38.249966,-38.329808,-38.366011,-38.375559,-38.329892,-37.885283,56.92338781691963,0.003926875755915912,0.19352564358415894,17.688638767877965,0.003926875755915912,17.23567306371835,0.003926875755915912,17.209747419443488,0.003926875755915912,2.6776048986357187e+18,335.0789476418092,0.2899864,-1.3181510766354017,0.27284205,0.4427677278304025,0.35869375,8.938202,8.919563051704953,0.3494835,-0.5769240920465061,0.35498604,1.1068981,436527104.0,52.0,78.0,5.0,262144069.0,524416.0,196608.0,262144069.0,524416.0,196608.0,262144069.0,524416.0,196608.0,262144069.0,524416.0,196608.0,262144069.0,524416.0,196608.0
1.0671335013339694e+17,335.01335748,0.015130000188946724,-1.06960508,0.00774999987334013,20.806096053451796,0.024029106458900527,20.48605027788259,0.015213455382281332,20.421842354789927,0.016959320275817962,20.38243734606465,0.04098412917623845,20.487389852406356,0.08188704225593883,6312.5,5.0,-0.3,-38.669567,-38.964289,-39.030113,-39.011889,-38.995245,-38.875833,-38.660379,-38.178759,59.45098377691907,0.019474755207560503,0.017991975622665683,19.715960727877405,0.019474755207560503,19.43278202371779,0.019474755207560503,19.443867379442928,0.019474755207560503,2.677629504503155e+18,335.0133535443025,1.3037492,-1.0696088851552634,1.048006,-1.4880067670138546,1.695255,3.5846405,-0.5007198351056399,1.668618,-3.5494967055248297,1.5335352,1.1091143,436527104.0,52.0,67.0,5.0,262144005.0,524416.0,196608.0,262144069.0,524416.0,196608.0,262144069.0,524416.0,196608.0,195035141.0,524416.0,196608.0,195035141.0,524416.0,196608.0
1.0662335156808651e+17,335.15680502,0.010060000233352184,-1.14495382,0.010180000215768814,22.160941911593447,0.09834908857171568,20.94686705602549,0.023048041923380065,20.101442107432877,0.01358502563180365,19.694180039408742,0.02224218527475784,19.446973195963277,0.03864106175090687,3500.0,5.25,-4.0,-34.684886,-35.794762,-36.506989,-36.718367,-37.250151,-37.556015,-37.860125,-37.399868,56.66111186208477,0.02224963356088354,1.015992408532921,18.24590681304311,0.02224963356088354,17.4431641088835,0.02224963356088354,17.432886464608636,0.02224963356088354,-999,-999,-999,-999,-999,-999,-999,-999,-999,-999,-999,-999,-999,436527104.0,52.0,61.0,5.0,195035141.0,655360.0,196608.0,262144069.0,524416.0,196608.0,262144069.0,524416.0,196608.0,262144069.0,524416.0,196608.0,195035141.0,524416.0,196608.0
1.0643334988340992e+17,334.98832891,0.002139999996870756,-1.30046843,0.002139999996870756,18.078693097958777,0.0029622852437959134,17.587769263944168,0.0018682930882172246,17.432092964972952,0.001729060697364968,17.337574338543867,0.0036325684358194453,17.316133439970702,0.006329623559421433,5437.5,0.0,0.2,-37.851637,-38.297828,-38.460022,-38.516723,-38.555396,-38.517522,-38.39562,-37.942121,55.886773821078094,0.0016554756617861597,0.0406223517247023,16.510061772036433,0.0016554756617861597,16.133331067876817,0.0016554756617861597,16.116295423601954,0.0016554756617861597,2.677607303817422e+18,334.98832456405006,0.16597271,-1.3004740298744284,0.19604272,0.1294238150796462,0.17908394,6.399952,-3.1251293575242416,0.22066598,-5.585064972310941,0.25431374,1.0592335,503635968.0,60.0,85.0,5.0,262144069.0,524416.0,196608.0,262144069.0,524416.0,196608.0,262144069.0,524416.0,196608.0,262144069.0,524416.0,196608.0,262144069.0,524416.0,196608.0
1.0650334834918773e+17,334.83491693,0.002319999970495701,-1.24392227,0.0017500000540167093,18.251664564512005,0.0044260979704524445,16.988307206407484,0.001437108275811686,16.27246594058146,0.0013203608593656537,15.994867654890891,0.001510745915984411,15.8243599550777,0.0021068535538042808,3700.0,5.25,-3.8,-35.321296,-36.317193,-36.986985,-37.128968,-37.499213,-37.672445,-37.998751,-37.539705,53.3170640642939,0.001097636758845763,0.626143232522875,14.785429015252237,0.001097636758845763,13.960490311092627,0.001097636758845763,13.949001666817766,0.001097636758845763,2.6776206010362025e+18,334.83491291972217,0.07284183,-1.2439233474640243,0.06454004,2.4812867078957623,0.08077733,8.8687315,-8.203449998260096,0.090562694,-3.3701350617796204,0.086032905,0.9773728,503635968.0,60.0,76.0,5.0,262144069.0,524416.0,196608.0,262144069.0,524416.0,196608.0,262144069.0,524416.0,196608.0,262144069.0,524416.0,196608.0,262144069.0,524416.0,196608.0
1.0638334938567235e+17,334.93852578,0.013000000268220901,-1.34845975,0.016259999945759773,22.682155488895706,0.13847414357568807,21.42996527483316,0.04502920060509838,20.168875589038166,0.012918012103880295,19.51424541227343,0.02057217103549663,19.345951281989425,0.03751305065511757,3600.0,5.25,-3.6,-34.029413,-34.985993,-36.222136,-36.695426,-36.990327,-37.347104,-37.702214,-37.356916,56.412897609405974,0.03046311577855267,2.431314536265397,18.20660356036431,0.03046311577855267,17.3528608562047,0.03046311577855267,17.227624211929836,0.03046311577855267,-999,-999,-999,-999,-999,-999,-999,-999,-999,-999,-999,-999,-999,436527104.0,52.0,51.0,5.0,195035141.0,655360.0,196608.0,195035205.0,655488.0,196608.0,262144069.0,524416.0,196608.0,262144069.0,524416.0,196608.0,262144069.0,655488.0,196608.0
1.0623334899444702e+17,334.89941211,0.014010000042617321,-1.46952029,0.007899999618530273,20.94772364747215,0.027364183587739562,20.11630460081929,0.014198469553429368,19.777992339037667,0.01133546914784384,19.657050710781846,0.02087425006150052,19.51692292994016,0.04536907640426092,4687.5,1.0,-0.2,-36.723724,-37.515975,-37.789882,-37.912849,-38.037658,-38.143735,-38.196908,-37.758637,57.59921644561023,0.011954874070922897,0.1683647986105925,18.59629139656857,0.011954874070922897,18.044485692408955,0.011954874070922897,18.012222048134092,0.011954874070922897,2.6775081072528097e+18,334.8994112626988,0.6865517,-1.4695274703164527,0.64194405,1.1095272227830966,0.8041574,19.370289,5.218353996922327,0.7170195,-18.654137423795817,0.8320799,0.9864984,436527104.0,52.0,64.0,5.0,262144069.0,524416.0,196608.0,262144069.0,524416.0,196608.0,262144069.0,524416.0,196608.0,262144069.0,524416.0,196608.0,195035205.0,524416.0,196608.0
1.0658335164371526e+17,335.16438632,0.014680000022053719,-1.17929895,0.01672999933362007,21.40647050926122,0.035761001279224235,21.12544122690903,0.02352516117008243,21.0270375685089,0.02380216710964187,21.011936085418085,0.06897207186624638,20.741888470703906,0.11757302856229826,5687.5,0.0,1.0,-38.168633,-38.470586,-38.588227,-38.643797,-38.66497,-38.589742,-38.429685,-37.970797,59.56979737216024,0.02896852728222131,0.21477445372404502,20.120865323118576,0.02896852728222131,19.782289618958963,0.02896852728222131,19.7706429746841,0.02896852728222131,-999,-999,-999,-999,-999,-999,-999,-999,-999,-999,-999,-999,-999,436527104.0,52.0,60.0,5.0,262144005.0,524416.0,196608.0,262144069.0,524416.0,196608.0,262144069.0,524416.0,196608.0,195035141.0,655360.0,196608.0,195035141.0,655360.0,196608.0
1.0624334950073726e+17,334.95007019,0.0066999997943639755,-1.4610056,0.0071000000461936,21.36943362590546,0.03809120848085015,20.103551326137623,0.011663366396374808,18.863768815766328,0.0056797444772503395,18.267944566139214,0.007786650643549486,18.10125050962216,0.012248272591270388,3600.0,5.25,-3.7,-34.370028,-35.353768,-36.408712,-36.78025,-37.127324,-37.440923,-37.784489,-37.399731,55.34920616871416,0.008555433095452938,2.2068358942128468,17.049093119672502,0.008555433095452938,16.206894415512885,0.008555433095452938,16.12111777123802,0.008555433095452938,2.677508279051571e+18,334.95007421221885,0.43386424,-1.4610056970296337,0.42311,1.4919019709336616,0.520133,5.1882834,1.9377106346132398,0.45235324,-4.812854108221533,0.52074146,0.9895969,503635968.0,60.0,69.0,5.0,262144069.0,524416.0,196608.0,262144069.0,524416.0,196608.0,262144005.0,524416.0,196608.0,262144069.0,524416.0,196608.0,262144069.0,524416.0,196608.0
1.0639334961510584e+17,334.96153714,0.001820000004954636,-1.33718479,0.004749999847263098,17.09133361947963,0.001920337710607654,16.751882911642923,0.00121427609793485,16.589553235512202,0.0009682822649380124,16.56075326728767,0.0020308194341976003,16.5541097566066,0.004012989564543175,5812.5,2.25,1.0,-38.193679,-38.513191,-38.642166,-38.675319,-38.684531,-38.622782,-38.479195,-38.021183,55.25130375810582,0.001026217262159204,0.02833167627465827,15.769331709064158,0.001026217262159204,15.414286004904547,0.001026217262159204,15.401763360629682,0.001026217262159204,2.67760638039949e+18,334.96155024624886,0.082771204,-1.3371901101209516,0.07239505,0.5505947099974087,0.10026654,34.253895,32.39464138433216,0.08481267,-11.131783972557677,0.09312917,1.0510893,503635968.0,60.0,85.0,5.0,262144069.0,524416.0,196608.0,262144069.0,524416.0,196608.0,262144069.0,524416.0,196608.0,262144069.0,524416.0,196608.0,262144069.0,524416.0,196608.0
1.0628334897930016e+17,334.89788984,0.014259999617934227,-1.43363695,0.014390000142157078,22.812644082812014,0.15177125226249272,22.357220876971223,0.0792021684964207,20.473509021700956,0.017543029054932942,19.82392021513276,0.03594109420578143,19.375321560233512,0.039960045137340805,3600.0,4.0,-4.0,-33.632428,-34.415834,-35.949259,-36.57946,-36.880439,-37.307717,-37.695311,-37.371173,56.46000715137009,0.036057632665703394,6.92903600857056,18.293100102328435,0.036057632665703394,17.40687339816882,0.036057632665703394,17.260476753893954,0.036057632665703394,-999,-999,-999,-999,-999,-999,-999,-999,-999,-999,-999,-999,-999,436527104.0,52.0,35.0,5.0,195035141.0,655360.0,196608.0,195035141.0,655360.0,196608.0,262144005.0,524416.0,196608.0,262144069.0,524416.0,196608.0,195035141.0,524416.0,196608.0
1.0651334910084488e+17,334.9100672,0.0036200000904500484,-1.23798868,0.0037899999879300594,19.692830479973043,0.009462005795327097,19.125495937840807,0.0050495244472181676,18.880750619298624,0.004384764575018825,18.81339971051494,0.011295493304237294,18.72856270061762,0.022166173213208306,5125.0,4.0,0.2,-37.421182,-37.95194,-38.167227,-38.247028,-38.296158,-38.330459,-38.318072,-37.874419,57.064914889649,0.005488827980894357,0.0864064901252514,17.875265840607344,0.005488827980894357,17.389020136447726,0.005488827980894357,17.36213849217286,0.005488827980894357,2.677619742042748e+18,334.9100624418593,0.34221312,-1.2379939854992923,0.39876395,0.5420505106110582,0.35861322,8.25474,-1.9325839353642666,0.45877266,-8.02532533297858,0.55132157,1.008557,436527104.0,52.0,86.0,5.0,262144069.0,524416.0,196608.0,262144069.0,524416.0,196608.0,262144069.0,524416.0,196608.0,262144069.0,524416.0,196608.0,262144069.0,524416.0,196608.0
1.0673335009212608e+17,335.00919975,0.0038499999791383743,-1.05366144,0.00343000004068017,20.518542651885834,0.01857596097073102,19.359887109594244,0.006688405314777201,18.044839081981394,0.002605473451897522,17.52623881293662,0.0041842903491196015,17.152243765548604,0.005517662735334631,3400.0,5.25,-3.9,-33.768109,-34.920906,-35.953811,-36.371386,-36.883879,-37.315431,-37.613851,-37.226192,54.09996848438934,0.004216835170295565,2.5497533044726177,15.925347435347685,0.004216835170295565,15.12829473118807,0.004216835170295565,15.045419086913208,0.004216835170295565,2.67763256251976e+18,335.00920110805555,0.20448065,-1.0536629154810304,0.2193525,1.5737873976917331,0.2370975,5.832629,2.4899378082046595,0.2691163,-5.274445416912828,0.2696882,0.9446056,503635968.0,60.0,83.0,5.0,262144069.0,524416.0,196608.0,262144069.0,524416.0,196608.0,262144069.0,524416.0,196608.0,262144069.0,524416.0,196608.0,262144069.0,524416.0,196608.0
1.0663334878617386e+17,334.87861494,0.022290000692009926,-1.1388633,0.04298999905586243,19.9795607633107,0.015833911788320842,19.03504356695237,0.006591591356263948,18.688607708389668,0.004681467906744018,18.380468348602303,0.008618633195276887,18.3485436882817,0.014633253716901232,4312.5,2.5,0.3,-36.147016,-36.953452,-37.324058,-37.503514,-37.619579,-37.813398,-38.027044,-37.621827,55.99596861510735,0.004917279464859023,0.2644233689036883,17.32338056606569,0.004917279464859023,16.61110186190608,0.004917279464859023,16.54578421763121,0.004917279464859023,2.6776257206372854e+18,334.87862079940413,0.27996975,-1.13885828349075,0.2533454,0.30817654291204377,0.31998345,5.9462104,5.124835313332667,0.30909592,3.0155398723175755,0.31245482,1.0639882,436527104.0,52.0,72.0,5.0,262144005.0,524416.0,196608.0,262144005.0,524416.0,196608.0,262144069.0,524416.0,196608.0,262144069.0,524416.0,196608.0,262144069.0,524416.0,196608.0
1.0669334954673552e+17,334.95468504,0.022040000185370445,-1.08749026,0.030789999291300774,20.75924694025102,0.030028216127797137,19.559005450705612,0.008060782644664782,19.13412697753122,0.0057688939815240155,18.843016282674355,0.014397361994640347,18.866699237703155,0.025752135564569026,4400.0,5.0,-3.1,-36.002778,-37.044511,-37.460121,-37.625544,-37.738718,-37.90357,-38.059957,-37.667724,56.60675337777308,0.008649639615551492,0.3092816449365119,17.84399332873142,0.008649639615551492,17.18897362457181,0.008649639615551492,17.110671980296942,0.008649639615551492,2.677631974109699e+18,334.9546884594122,0.3766908,-1.0874909150940832,0.34917456,0.5491161344494212,0.43032286,9.707697,-1.1680040652407042,0.48437244,-9.637175363972982,0.43770292,0.9959023,436527104.0,52.0,74.0,5.0,262144005.0,524416.0,196608.0,262144069.0,524416.0,196608.0,262144069.0,524416.0,196608.0,262144005.0,524416.0,196608.0,262144005.0,524416.0,196608.0
1.0636334844200338e+17,334.84424013,0.010400000028312206,-1.36431088,0.009220000356435776,22.247323472500696,0.08401801365735274,21.000244334831322,0.02567500328593442,19.947173207764042,0.011816073220260234,19.506314322173377,0.017917241349755638,19.36961387111301,0.0482750561953146,3600.0,5.25,-3.8,-34.710644,-35.721542,-36.595287,-36.865073,-37.264321,-37.534743,-37.866763,-37.442545,56.64550724167649,0.020503034494681594,1.4259286855446092,18.25157419263483,0.020503034494681594,17.420921488475216,0.020503034494681594,17.37460484420035,0.020503034494681594,2.677512951976006e+18,334.84423673429154,2.47519,-1.3643065994616663,1.40469,nan,nan,nan,nan,nan,nan,nan,nan,436527104.0,52.0,58.0,5.0,195035141.0,655360.0,196608.0,262144069.0,524416.0,196608.0,262144069.0,524416.0,196608.0,262144069.0,524416.0,196608.0,195035141.0,524416.0,196608.0
1.0658335102666131e+17,335.10264462,0.007340000011026859,-1.18266212,0.006279999855905771,20.529428431694534,0.02192139801769981,19.73651987217358,0.008211033205606533,19.402649951650833,0.007362825024959875,19.226143929123975,0.013257402982908763,19.118815743081214,0.024489147745546405,4500.0,3.5,-1.6,-36.431626,-37.142364,-37.466651,-37.622886,-37.7267,-37.884095,-38.04808,-37.633453,56.88075698554482,0.007423360535112384,0.19028928297534112,18.137471936503157,0.007423360535112384,17.474854232343546,0.007423360535112384,17.41894658806868,0.007423360535112384,2.6776156188741796e+18,335.1026499806451,0.43214953,-1.1826628093159197,0.43768907,-1.1299437377110146,0.5340777,16.284267,16.111228445271983,0.5773456,-2.3676384804457578,0.5544033,0.95764744,436527104.0,52.0,85.0,5.0,262144069.0,524416.0,196608.0,262144069.0,524416.0,196608.0,262144069.0,524416.0,196608.0,262144069.0,524416.0,196608.0,262144069.0,524416.0,196608.0
1.0626335016397818e+17,335.01639235,0.0022100000642240047,-1.443551,0.004050000105053186,20.21481207432179,0.014165478902421586,19.09910652067125,0.004914197151025975,17.681595698739713,0.0022740762307626337,17.087747978211095,0.0030907713829802365,16.846654667287684,0.005794643552477126,3600.0,5.25,-3.6,-34.029413,-34.985993,-36.222136,-36.695426,-36.990327,-37.347104,-37.702214,-37.356916,53.97064238784631,0.0033052219926627425,2.9180578386905753,15.764348338804648,0.0033052219926627425,14.910605634645037,0.0033052219926627425,14.785368990370175,0.0033052219926627425,2.6776014626617836e+18,335.0163952045561,0.2421307,-1.443555250835048,0.2115122,2.1180954594404304,0.29300687,14.6930685,7.390997162883433,0.2551398,-12.698796406475651,0.27888238,1.0281337,503635968.0,60.0,83.0,5.0,262144069.0,524416.0,196608.0,262144069.0,524416.0,196608.0,262144069.0,524416.0,196608.0,262144069.0,524416.0,196608.0,262144069.0,524416.0,196608.0
1.065933504637317e+17,335.04640757,0.009689999744296074,-1.17396995,0.009750000201165676,22.412587534301778,0.11812711119668343,21.3164495826382,0.030057130456610313,20.058924454008988,0.013006000665678428,19.606122177628865,0.017053224763825082,19.315324562885827,0.029159075250980018,3600.0,5.25,-3.7,-34.370028,-35.353768,-36.408712,-36.78025,-37.127324,-37.440923,-37.784489,-37.399731,56.54989806229273,0.025430427199410383,2.13802984353485,18.249785013251074,0.025430427199410383,17.407586309091457,0.025430427199410383,17.32180966481659,0.025430427199410383,2.677627507344362e+18,335.04643045137124,4.9026694,-1.1740018407741257,3.3836014,nan,nan,nan,nan,nan,nan,nan,nan,436527104.0,52.0,66.0,5.0,195035141.0,655360.0,196608.0,262144069.0,655488.0,196608.0,262144069.0,524416.0,196608.0,262144069.0,524416.0,196608.0,262144069.0,524416.0,196608.0
1.0641334968190363e+17,334.96821135,0.02102999947965145,-1.32241259,0.021460000425577164,22.77013149691401,0.13220439684261676,21.509706926086483,0.04409717118815978,20.993471345021245,0.026311003610968643,20.720538733850248,0.05788906183425224,20.376326559511753,0.12356501944172656,3600.0,5.25,-4.0,-35.391875,-36.457092,-36.968438,-37.03472,-37.538315,-37.722382,-38.031312,-37.528174,57.95212301227676,0.039362057604763766,0.4034148183909747,19.370550963235093,0.039362057604763766,18.562988259075482,0.039362057604763766,18.595591614800618,0.039362057604763766,-999,-999,-999,-999,-999,-999,-999,-999,-999,-999,-999,-999,-999,436527104.0,52.0,38.0,5.0,195035141.0,655360.0,196608.0,195035141.0,524416.0,196608.0,262144005.0,524416.0,196608.0,195035141.0,655360.0,196608.0,195035141.0,655360.0,196608.0
1.065033491328676e+17,334.91329086,0.0030499999411404133,-1.24406254,0.0014600000577047467,19.432554766778903,0.007935100694500312,18.18879867031798,0.0027717218426912167,17.15475147243907,0.001373733588068623,16.773610739865067,0.003601551522370994,16.593410733379056,0.005005767316602521,3600.0,5.25,-3.8,-34.710644,-35.721542,-36.595287,-36.865073,-37.264321,-37.534743,-37.866763,-37.442545,53.85999867655602,0.002102991096247035,1.2938561956659633,15.466065627514357,0.002102991096247035,14.635412923354743,0.002102991096247035,14.589096279079877,0.002102991096247035,2.677619746337818e+18,334.91329399535834,0.14800078,-1.244071192515818,0.14299244,2.298346285169602,0.16785024,25.135464,7.565874422694711,0.20121402,-23.969753120039634,0.19593163,1.0432473,503635968.0,60.0,77.0,5.0,262144069.0,524416.0,196608.0,262144069.0,524416.0,196608.0,262144069.0,524416.0,196608.0,262144069.0,524416.0,196608.0,262144069.0,524416.0,196608.0
1.0634335053006242e+17,335.05303244,0.012470000423491001,-1.38170784,0.01271000038832426,22.69603263516043,0.15207329601823666,21.621923025315617,0.04257132105154627,20.456813795138096,0.015678033064241727,19.96730594592992,0.027355122801687757,19.75610483092517,0.05991803095435014,3600.0,5.25,-3.7,-34.370028,-35.353768,-36.408712,-36.78025,-37.127324,-37.440923,-37.784489,-37.399731,56.907652446493856,0.03436444594963195,1.9723247332803764,18.607539397452197,0.03436444594963195,17.76534069329258,0.03436444594963195,17.679564049017714,0.03436444594963195,-999,-999,-999,-999,-999,-999,-999,-999,-999,-999,-999,-999,-999,436527104.0,52.0,57.0,5.0,195035141.0,655360.0,196608.0,195035205.0,524416.0,196608.0,262144069.0,524416.0,196608.0,262144069.0,524416.0,196608.0,195035141.0,524288.0,196608.0
1.0641335186762763e+17,335.18678905,0.0020600000862032175,-1.31899521,0.003280000062659383,17.66670725388377,0.002447644233856012,17.09486969806837,0.001402243329348609,16.919188814181048,0.001192424407193161,16.801990161044312,0.0022555316460418687,16.729751474181906,0.0034521464650098996,5187.5,4.0,0.2,-37.500218,-38.013552,-38.220133,-38.294184,-38.338874,-38.362656,-38.336479,-37.890223,55.11589368027188,0.0010273044892197814,0.0734956897146537,15.894047631230219,0.0010273044892197814,15.421591927070608,0.0010273044892197814,15.397313282795745,0.0010273044892197814,2.6776101556756884e+18,335.1867900589825,0.08342638,-1.318994432453803,0.07602429,0.5095804645973957,0.09826171,2.4268563,2.4223860071754624,0.09641969,0.14723124607937035,0.08949712,0.98891574,503635968.0,60.0,94.0,10.0,262144069.0,524416.0,0.0,262144069.0,524416.0,0.0,262144069.0,524416.0,0.0,262144069.0,524416.0,0.0,262144069.0,524416.0,0.0
1.0644334976769856e+17,334.9767676,0.005090000107884407,-1.29325423,0.004939999897032976,21.673945727090736,0.045824105521933396,20.485389419041443,0.016008176719293887,19.198938839656982,0.006240559409905397,18.586139285430807,0.008461583993052121,18.29294528098867,0.0142192262114552,3400.0,5.25,-3.9,-33.768109,-34.920906,-35.953811,-36.371386,-36.883879,-37.315431,-37.613851,-37.226192,55.22708991044173,0.010332162887283572,2.5618791233746836,17.05246886140007,0.010332162887283572,16.255416157240454,0.010332162887283572,16.17254051296559,0.010332162887283572,2.677607376831632e+18,334.976763977265,0.6585283,-1.2932568390729529,0.55297244,1.8726942674126419,0.8489772,4.489905,0.38083333263147223,0.89758307,-4.473724776985139,0.7055694,0.999565,503635968.0,60.0,80.0,5.0,195035205.0,655488.0,196608.0,262144069.0,524416.0,196608.0,262144069.0,524416.0,196608.0,262144069.0,524416.0,196608.0,262144069.0,524416.0,196608.0
1.066133519290677e+17,335.19294935,0.00937000010162592,-1.15233909,0.009449999779462814,22.048996696293692,0.07469900892661126,21.240457428520074,0.030732001694464793,19.943386073529997,0.012145110454310515,19.4149852039998,0.019249232048495234,19.104682520807817,0.027059102768897413,3600.0,5.25,-3.7,-34.370028,-35.353768,-36.408712,-36.78025,-37.127324,-37.440923,-37.784489,-37.399731,56.35851798463028,0.017634771955234926,3.024939305095218,18.058404935588623,0.017634771955234926,17.216206231429005,0.017634771955234926,17.13042958715414,0.017634771955234926,2.6776168558256195e+18,335.19295409850525,1.2121845,-1.15234118861286,1.5791245,nan,nan,nan,nan,nan,nan,nan,nan,436527104.0,52.0,60.0,10.0,195035141.0,655360.0,0.0,262144005.0,524416.0,0.0,262144069.0,524416.0,0.0,262144069.0,524416.0,0.0,262144005.0,524416.0,0.0
1.063133495883348e+17,334.95879496,0.0188400000333786,-1.40465187,0.013740000315010548,22.09783336960132,0.07130101695513431,20.89146884787532,0.02102700727485533,20.239149502261647,0.014167107990342378,19.855650009613193,0.023860189674370993,19.757838824491113,0.050823054973421676,3800.0,5.25,-3.7,-35.397698,-36.404124,-37.058686,-37.228045,-37.514694,-37.683869,-38.007623,-37.567673,57.289037510768516,0.01884565580786362,0.6457351372066854,18.745978461726853,0.01884565580786362,17.923591757567237,0.01884565580786362,17.893007113292377,0.01884565580786362,-999,-999,-999,-999,-999,-999,-999,-999,-999,-999,-999,-999,-999,436527104.0,52.0,58.0,5.0,195035141.0,655360.0,196608.0,262144069.0,524416.0,196608.0,262144069.0,524416.0,196608.0,262144069.0,524416.0,196608.0,195035141.0,655360.0,196608.0
1.066133501522885e+17,335.01520379,0.012659999541938305,-1.15164516,0.014940000139176846,22.02397412203723,0.08115106514725261,20.942629245130554,0.022252001672878146,20.235782401701233,0.016573060325620257,19.884139416103164,0.0315101377929681,19.94782738841391,0.05118705359485478,4100.0,3.5,-3.0,-35.486883,-36.509322,-37.064642,-37.281838,-37.423954,-37.686002,-37.970586,-37.583818,57.36019831467723,0.020945946167212817,0.7530250071884967,18.815006265635564,0.020945946167212817,18.031789561475954,0.020945946167212817,17.948022917201087,0.020945946167212817,2.67762785094135e+18,335.0152014350545,11.475137,-1.151634437834542,24.507778,nan,nan,nan,nan,nan,nan,nan,nan,436527104.0,52.0,48.0,5.0,195035141.0,655360.0,196608.0,262144005.0,524416.0,196608.0,262144005.0,524416.0,196608.0,262144005.0,524416.0,196608.0,195035141.0,524416.0,196608.0
1.0653334861986021e+17,334.86199667,0.00418000016361475,-1.22520447,0.003640000009909272,20.55088326722407,0.022773619405769226,19.451655675355468,0.007138150021236619,18.29542948198985,0.002872075466209186,17.657907737114083,0.004593160745041256,17.408108016462904,0.0064615559534520126,3600.0,5.25,-3.7,-34.370028,-35.353768,-36.408712,-36.78025,-37.127324,-37.440923,-37.784489,-37.399731,54.68081323562927,0.005062365356303272,2.2543374842614807,16.380700186587614,0.005062365356303272,15.538501482427996,0.005062365356303272,15.452724838153133,0.005062365356303272,2.677620738475168e+18,334.861997692057,0.27207595,-1.2252064331727102,0.25107813,1.6962823030030776,0.34238958,6.846727,3.4995694923990834,0.32824484,-5.884784059005875,0.3476403,0.967529,503635968.0,60.0,88.0,5.0,262144005.0,524416.0,196608.0,262144069.0,524416.0,196608.0,262144069.0,524416.0,196608.0,262144005.0,524416.0,196608.0,262144069.0,524416.0,196608.0
1.0642335112073856e+17,335.11210851,0.01566999964416027,-1.30992983,0.014639999717473984,23.173410534040773,0.17602829906551096,21.87243455693638,0.04734951500330642,20.676161581592424,0.022337079734066158,20.170042957112667,0.031451097865840945,19.916148523904774,0.05421302631201034,3600.0,5.25,-3.7,-34.370028,-35.353768,-36.408712,-36.78025,-37.127324,-37.440923,-37.784489,-37.399731,57.16965603071741,0.038809848004270654,1.9493119066333349,18.869542981675753,0.038809848004270654,18.027344277516136,0.038809848004270654,17.94156763324127,0.038809848004270654,-999,-999,-999,-999,-999,-999,-999,-999,-999,-999,-999,-999,-999,436527104.0,52.0,52.0,5.0,195035141.0,655360.0,196608.0,195035205.0,655488.0,196608.0,262144069.0,524416.0,196608.0,262144069.0,524416.0,196608.0,195035141.0,524288.0,196608.0
1.0673334884032334e+17,334.88406389,0.011719999834895134,-1.05597725,0.02621999941766262,19.231012879563934,0.008398503118610389,18.454712286669483,0.004088207302652451,18.107448441302626,0.0035562141132773548,17.90114460902448,0.004668197178074419,17.734415783725925,0.009063423696101913,4500.0,3.5,-1.6,-36.431626,-37.142364,-37.466651,-37.622886,-37.7267,-37.884095,-38.04808,-37.633453,55.56379220005729,0.002855399561467263,0.26851988830994483,16.82050715101563,0.002855399561467263,16.157889446856018,0.002855399561467263,16.10198180258115,0.002855399561467263,2.677633245420036e+18,334.8840756408185,0.24545069,-1.0559899195831592,0.37954256,0.5750113128243645,0.21450701,31.863825,18.95430776517191,0.33658665,-25.613231034309944,0.41855207,0.9485786,503635968.0,60.0,74.0,5.0,262144069.0,524416.0,196608.0,262144069.0,524416.0,196608.0,262144005.0,524416.0,196608.0,262144069.0,524416.0,196608.0,262144069.0,524416.0,196608.0
1.0678334973130984e+17,334.9730964,0.011289999820291996,-1.00893159,0.011119999922811985,20.18010533908526,0.01640455629930803,19.78904651516335,0.00924104639984771,19.646085393332058,0.01110659009640276,19.627658176459956,0.02205824621430123,19.77191536258148,0.04531808104250502,6062.5,5.0,-0.3,-38.448104,-38.796754,-38.887111,-38.885614,-38.879978,-38.78756,-38.60513,-38.1293,58.58247435732442,0.010987551947429609,0.05964220913240653,18.93572430828276,0.010987551947429609,18.619521604123143,0.010987551947429609,18.624816959848282,0.010987551947429609,2.6776336620318356e+18,334.9730950871854,0.4340365,-1.0089334299845305,0.41511825,-0.049718801886738315,0.49302563,2.702677,1.929728585801396,0.54762095,-1.8922501006154253,0.4926623,1.0152968,436527104.0,52.0,56.0,5.0,262144069.0,524416.0,196608.0,262144069.0,524416.0,196608.0,262144069.0,524416.0,196608.0,262144069.0,524416.0,196608.0,195035141.0,524416.0,196608.0
1.0626334987548907e+17,334.9875227,0.014680000022053719,-1.44284993,0.022050000727176666,22.336671373881188,0.08812809045727689,21.004534730455358,0.029327008128635437,20.495234622494912,0.018521035717248394,20.116248558413105,0.04335709791861862,20.01543667999574,0.08257903304322754,4062.5,0.0,-1.5,-35.328173,-36.530522,-36.961326,-37.215617,-37.468001,-37.722397,-37.907225,-37.54781,57.49435299304807,0.026584805536803743,0.4908597633279356,18.912765944006406,0.026584805536803743,18.229305239846795,0.026584805536803743,18.11818559557193,0.026584805536803743,-999,-999,-999,-999,-999,-999,-999,-999,-999,-999,-999,-999,-999,436527104.0,52.0,36.0,5.0,195035141.0,655360.0,196608.0,262144005.0,524416.0,196608.0,262144069.0,524416.0,196608.0,195035141.0,524416.0,196608.0,195035141.0,655360.0,196608.0
1.0652334780981077e+17,334.78101906,0.013389999978244305,-1.23301889,0.012910000048577785,20.476129223042225,0.01928240237069229,20.054231224000517,0.011395794959347744,19.89952493277383,0.010070625983603648,19.793464421170345,0.024479219662360316,19.75042294848195,0.05473206508008203,5500.0,0.0,0.2,-37.940638,-38.35489,-38.502015,-38.554572,-38.590867,-38.544273,-38.413695,-37.956119,58.383350949893774,0.012958277408437944,0.05779308861611377,18.979887900852116,0.012958277408437944,18.6118331966925,0.012958277408437944,18.598874552417634,0.012958277408437944,2.677623281095803e+18,334.78101816443126,0.63266814,-1.233021930551231,0.4896517,-0.16599533881557238,0.7534638,7.385738,3.7061005563005747,0.6752992,-6.38857936608635,0.6376512,0.9906706,436527104.0,52.0,76.0,5.0,262144069.0,524416.0,196608.0,262144069.0,524416.0,196608.0,262144069.0,524416.0,196608.0,262144069.0,524416.0,196608.0,195035141.0,524416.0,196608.0
1.064833509438079e+17,335.0944013,0.011599999852478504,-1.26044903,0.012249999679625034,21.406173434540207,0.042587999466769756,20.752313362571538,0.01865217085768733,20.585558420345684,0.016646221367674522,20.496100147070564,0.040310122521529705,20.424563293635835,0.09109003684753925,5312.5,0.0,-2.0,-37.638245,-38.267474,-38.433589,-38.463766,-38.563544,-38.519512,-38.361735,-37.90606,59.00626533163277,0.022236041601592996,0.043753642214816986,19.627563282591108,0.022236041601592996,19.28670757843149,0.022236041601592996,19.271847934156632,0.022236041601592996,-999,-999,-999,-999,-999,-999,-999,-999,-999,-999,-999,-999,-999,436527104.0,52.0,71.0,5.0,195035141.0,524416.0,196608.0,262144069.0,524416.0,196608.0,262144069.0,524416.0,196608.0,195035205.0,524416.0,196608.0,35653633.0,0.0,196608.0
1.0636334857150302e+17,334.85717341,0.008589999750256538,-1.36452689,0.005229999776929617,20.845405799043174,0.027711350735289794,19.724587400030764,0.010147669123228181,18.82590451634706,0.005806923953715599,18.356672726122493,0.0072037280938432565,18.158167116161636,0.01388325293317255,3700.0,5.25,-3.7,-34.932512,-35.916079,-36.765533,-37.017915,-37.335581,-37.564293,-37.896877,-37.481317,55.575671511541024,0.006780126619671558,1.2303612783125555,17.152188462499364,0.006780126619671558,16.320971758339745,0.006780126619671558,16.265997114064888,0.006780126619671558,2.6775130593501394e+18,334.85717502610333,0.39473018,-1.3645306085408764,0.32217547,1.0893921698841467,0.47963047,13.859127,6.356058222673822,0.39073023,-12.315677990299342,0.4344947,0.9541711,503636096.0,60.0,65.0,5.0,262144069.0,524416.0,196608.0,262144069.0,524416.0,196608.0,262144069.0,524416.0,196608.0,262144069.0,524416.0,196608.0,262144069.0,524416.0,196608.0
1.06653351645166e+17,335.16456025,0.005489999894052744,-1.12035684,0.00749000022187829,19.751133629737502,0.01090537437584806,19.539520868586436,0.007140677967610835,19.432479985294705,0.007209032922312955,19.365128222303973,0.016855327887203127,19.381778376444224,0.03305611297956697,5937.5,0.0,1.0,-38.45924,-38.663071,-38.73094,-38.77916,-38.793521,-38.673589,-38.47196,-38.005855,58.17919461647337,0.007996737613033308,0.022373329472346444,18.646415567431706,0.007996737613033308,18.34941186327209,0.007996737613033308,18.34498221899723,0.007996737613033308,2.677617886616951e+18,335.1645613434559,0.35981205,-1.1203580561783035,0.37090343,-0.24254118862655993,0.41720748,4.8517184,2.459274532045455,0.46015987,-4.182241012209267,0.4333466,1.0091927,436527104.0,52.0,80.0,5.0,262144069.0,524416.0,196608.0,262144069.0,524416.0,196608.0,262144069.0,524416.0,196608.0,262144069.0,524416.0,196608.0,262144069.0,524416.0,196608.0
1.0660335056864712e+17,335.05693969,0.011049999855458736,-1.1610946,0.009580000303685665,20.767080228425737,0.028311059584150915,20.3801627589938,0.01300147505141021,20.27534420185132,0.015364331603794383,20.3292530985084,0.034330150817985246,20.42890778221868,0.08300403960517169,6375.0,5.0,-2.5,-38.73713,-39.110973,-39.163513,-39.109991,-39.110734,-38.963318,-38.694517,-38.209106,59.482617813999596,0.019261201395430833,0.03391094164759844,19.660109764957934,0.019261201395430833,19.430278060798322,0.019261201395430833,19.445154416523458,0.019261201395430833,2.6776276147175444e+18,335.0569429698017,0.9818563,-1.1610988680011336,0.7500805,2.4131860448284974,1.4325812,4.637982,0.9484932637113539,1.1537358,-4.5399601041435,1.309401,0.95170975,436527104.0,52.0,67.0,5.0,262144005.0,524416.0,196608.0,262144005.0,524416.0,196608.0,262144069.0,524416.0,196608.0,262144069.0,524416.0,196608.0,195035141.0,524416.0,196608.0
1.0657334942896806e+17,334.94289102,0.021229999139904976,-1.18535386,0.03141000121831894,19.545296398459755,0.009969677990113102,19.228314554556537,0.0061740210287166055,19.17912452388675,0.005968279333655196,19.1604346131734,0.01386640070579401,19.130287254448554,0.028584133076055607,6000.0,0.25,-1.2,-38.51941,-38.823095,-38.871852,-38.881175,-38.918578,-38.763166,-38.516534,-38.052355,58.051513468905,0.006877392253863138,0.002869329062129011,18.42915741986334,0.006877392253863138,18.177156715703724,0.006877392253863138,18.170801071428862,0.006877392253863138,2.6776225251815905e+18,334.9428931009071,0.35229716,-1.1853548680755803,0.28428876,-0.6025254076842416,0.41774988,6.7384334,2.4842469831799825,0.37365407,-6.2637847085919285,0.35636672,0.9727474,436527104.0,52.0,79.0,10.0,262144069.0,524416.0,0.0,262144069.0,524416.0,0.0,262144069.0,524416.0,0.0,262144069.0,524416.0,0.0,262144069.0,524416.0,0.0
1.067633494487026e+17,334.94486746,0.007969999685883522,-1.03164288,0.005009999964386225,20.474145712333797,0.022098361131512024,19.775671853295105,0.00904493006887894,19.472730190535,0.007995755895720826,19.332626438066107,0.018016295892467497,19.216294323100197,0.029228123251359258,4700.0,4.0,-1.6,-36.731819,-37.36648,-37.651371,-37.783224,-37.868712,-37.982182,-38.075466,-37.651744,57.13461490346604,0.008515751390159709,0.1567960848606912,18.293242854424374,0.008515751390159709,17.701326150264762,0.008515751390159709,17.654513505989897,0.008515751390159709,2.6776335202979543e+18,334.9448730916597,0.45499432,-1.031644714936747,0.4478588,-0.11694894497616654,0.50588876,13.888349,9.188621622592846,0.587095,-10.414194899126231,0.56334716,0.9486478,436527104.0,52.0,69.0,5.0,262144069.0,524416.0,196608.0,262144069.0,524416.0,196608.0,262144069.0,524416.0,196608.0,262144069.0,524416.0,196608.0,262144005.0,524416.0,196608.0
1.0641334907661378e+17,334.90765807,0.00761000020429492,-1.32226014,0.011269999668002129,20.662816744293046,0.020225539253546414,19.680861030108336,0.0105698475864882,19.312763901052428,0.006700934945283446,19.146777093492013,0.0147063651867532,19.055354178392335,0.02819112911722076,4562.5,0.0,0.0,-36.450189,-37.348189,-37.665878,-37.806142,-37.950255,-38.076771,-38.150171,-37.721242,57.01584518946763,0.007941570583075408,0.18956171091601184,18.07988414042597,0.007941570583075408,17.507851436266357,0.007941570583075408,17.466245791991497,0.007941570583075408,2.6776070976589686e+18,334.9076568911292,0.60455775,-1.3222644065501525,0.44287974,0.410024499853006,0.6654017,8.53063,2.4945955296217472,0.5307059,-8.15773551024887,0.5568499,0.9272246,436527104.0,52.0,72.0,5.0,262144005.0,524416.0,196608.0,262144069.0,524416.0,196608.0,262144069.0,524416.0,196608.0,262144069.0,524416.0,196608.0,262144069.0,524416.0,196608.0
1.0628334937877574e+17,334.93788137,0.011540000326931477,-1.42894573,0.011719999834895134,21.30039088751695,0.03689600824348404,20.688482073476862,0.019601211391934867,20.49614345568598,0.01759123612673771,20.224197605473243,0.034298146347575754,20.05646130516,0.07531804537826796,4800.0,4.5,-1.6,-36.981789,-37.57739,-37.837303,-37.964634,-38.033808,-38.128634,-38.198273,-37.777268,58.23211986546261,0.018872355765281405,0.30841850305039714,19.244295816420948,0.018872355765281405,18.67602411226133,0.018872355765281405,18.62649446798647,0.018872355765281405,2.6775086570087194e+18,334.9378833139959,2.269155,-1.4289546012385992,1.6273493,nan,nan,nan,nan,nan,nan,nan,nan,436527104.0,52.0,64.0,5.0,262144005.0,655488.0,196608.0,262144069.0,524416.0,196608.0,262144069.0,524416.0,196608.0,262144005.0,524416.0,196608.0,195035141.0,524416.0,196608.0
1.0663335045380376e+17,335.04534133,0.02181999944150448,-1.13888796,0.019449999555945396,23.049116173191475,0.18029234711686282,21.50230161005069,0.036712720849662865,20.618497813045522,0.02149509421663497,20.19353375366199,0.032809091006924355,19.927236062086056,0.05555202459230686,3500.0,5.25,-3.8,-34.337726,-35.495704,-36.362655,-36.694183,-37.110089,-37.41685,-37.655807,-37.27262,57.058208482407146,0.03923144517627642,1.1417227489132735,18.782168433365488,0.03923144517627642,18.044578729205867,0.03923144517627642,17.957231084931003,0.03923144517627642,-999,-999,-999,-999,-999,-999,-999,-999,-999,-999,-999,-999,-999,436527104.0,52.0,51.0,5.0,195035141.0,655360.0,196608.0,262144005.0,524416.0,196608.0,262144069.0,524416.0,196608.0,262144005.0,524416.0,196608.0,195035141.0,655360.0,196608.0
1.0642335230756331e+17,335.23079868,0.0037799999117851257,-1.31427858,0.0037899999879300594,16.529430367691074,0.001548463352546464,16.1882815720005,0.0009747637751881988,16.02805420776298,0.0007993460238526,15.964954716481206,0.001323336285081793,15.905909652984418,0.0020489426356108792,5625.0,0.0,1.0,-38.085737,-38.42078,-38.553701,-38.611675,-38.633947,-38.567318,-38.414542,-37.959294,54.584494103384046,0.0006304361057200224,0.05069320829968192,15.157986054342384,0.0006304361057200224,14.812129350182772,0.0006304361057200224,14.796842705907908,0.0006304361057200224,2.677610018236744e+18,335.2308046089344,0.048475742,-1.3142816090168126,0.044758942,0.6516064813105453,0.05647667,11.754782,9.658738206595153,0.05966646,-6.699528210809392,0.057538103,0.9305485,503635968.0,60.0,83.0,5.0,262144069.0,524416.0,196608.0,262144069.0,524416.0,196608.0,262144069.0,524416.0,196608.0,262144069.0,524416.0,196608.0,262144069.0,524416.0,196608.0
1.0628335137657533e+17,335.13766608,0.0020800000056624413,-1.4292427,0.004490000195801258,18.12539337097654,0.0032005376471771624,17.446683925336536,0.0016841066205003433,17.21884016655219,0.0016173743275505774,17.091512419769415,0.002952927120582167,17.066377795852326,0.005266748115571892,5062.5,1.75,-0.1,-37.325086,-37.942229,-38.157642,-38.234818,-38.306021,-38.344821,-38.317003,-37.865696,55.38292073569741,0.0014443541165237957,0.07773198746229441,16.178909686655746,0.0014443541165237957,15.708094982496135,0.0014443541165237957,15.688867338221273,0.0014443541165237957,2.677554806432197e+18,335.13766379865433,0.12579934,-1.4292438912256737,0.10350567,0.7229963915191521,0.1454402,9.258398,-7.458715792658178,0.13102895,-5.485024783960816,0.12704155,1.1519637,503635968.0,60.0,85.0,5.0,262144069.0,524416.0,196608.0,262144069.0,524416.0,196608.0,262144069.0,524416.0,196608.0,262144069.0,524416.0,196608.0,262144069.0,524416.0,196608.0
1.0647335223248371e+17,335.2232756,0.0029899999499320984,-1.2722871,0.001829999964684248,18.799945089556456,0.005200527630328027,18.53196790819872,0.003397261105453663,18.406950488194394,0.003410456757242774,18.372339197167406,0.013242426584291884,18.25099072976981,0.016260239989957778,5750.0,0.0,1.0,-38.25153,-38.520392,-38.622753,-38.675919,-38.695994,-38.612165,-38.444827,-37.982301,57.02575628257737,0.0044270773759528485,0.06493472887805336,17.55440123353571,0.0044270773759528485,17.223106529376096,0.0044270773759528485,17.21509788510123,0.0044270773759528485,2.6776107741510134e+18,335.22327392326315,0.19239736,-1.2722893429495328,0.18085074,0.062177475323841214,0.22197084,5.75823,-2.483977803450995,0.22250906,-5.194908137106345,0.21152653,1.0202651,436527104.0,52.0,67.0,5.0,262144069.0,524416.0,196608.0,262144069.0,524416.0,196608.0,262144069.0,524416.0,196608.0,262144005.0,524416.0,196608.0,262144069.0,524416.0,196608.0
1.0641334895235778e+17,334.89527455,0.016249999403953552,-1.31888217,0.016599999740719795,22.95694523173691,0.14407718070910389,21.66278901530986,0.053213208586559785,20.4824390320165,0.01990201528398522,20.04173995147182,0.032894105194735505,19.859444905981317,0.05405503601824471,3600.0,5.25,-3.7,-34.370028,-35.353768,-36.408712,-36.78025,-37.127324,-37.440923,-37.784489,-37.399731,57.00868802730328,0.033460387838171,1.7431895048817427,18.70857497826162,0.033460387838171,17.866376274102002,0.033460387838171,17.780599629827137,0.033460387838171,-999,-999,-999,-999,-999,-999,-999,-999,-999,-999,-999,-999,-999,436527104.0,52.0,39.0,5.0,195035141.0,655360.0,196608.0,195035141.0,655360.0,196608.0,262144069.0,524416.0,196608.0,262144069.0,524416.0,196608.0,195035141.0,524288.0,196608.0
1.0662334814501163e+17,334.81453684,0.0037899999879300594,-1.14907217,0.0029800001066178083,16.502362611263838,0.0013209087187255914,15.991329230298529,0.0009109044666693024,15.724018276841283,0.0008941080280850349,15.669794373041567,0.0012236888140234358,15.524956095943864,0.001694348397871678,5187.5,1.5,1.0,-37.49887,-37.98757,-38.209012,-38.294709,-38.33523,-38.352659,-38.316379,-37.873007,53.94757031747781,0.0005564964245500912,0.13974163308552573,14.735721268436148,0.0005564964245500912,14.273368564276538,0.0005564964245500912,14.246205920001673,0.0005564964245500912,2.677626377767325e+18,334.81454109326194,0.043604013,-1.149080422734967,0.040668514,0.9921485059319796,0.05143077,26.646235,9.850562830757415,0.0546572,-24.758598184651703,0.049658496,0.93259895,503635968.0,60.0,79.0,10.0,262144069.0,524416.0,0.0,262144069.0,524416.0,0.0,262144069.0,524416.0,0.0,262144069.0,524416.0,0.0,262144069.0,524416.0,0.0
1.0640334873812893e+17,334.87380792,0.0069599999114871025,-1.32627477,0.007120000198483467,19.95661790573949,0.010991904230027907,18.67206997556002,0.004424723788010997,18.047099484028585,0.0025948811219902953,17.820657516045653,0.00570297107856114,17.6697489312642,0.008277457970382004,3900.0,5.25,-3.6,-35.248419,-36.397096,-36.956613,-37.155541,-37.339554,-37.557047,-37.86824,-37.466189,55.052683362527596,0.0031507061863265055,0.5032975596178555,16.636446313485937,0.0031507061863265055,15.82662060932632,0.0031507061863265055,15.758136965051458,0.0031507061863265055,2.6776187112505334e+18,334.87380438129503,0.23618427,-1.3262783096720394,0.20333233,0.6152088013256282,0.26760268,16.808664,-12.269823321681642,0.23678634,-11.488368030217886,0.24948283,0.95640916,503635968.0,60.0,77.0,5.0,262144069.0,524416.0,196608.0,262144069.0,524416.0,196608.0,262144069.0,524416.0,196608.0,262144069.0,524416.0,196608.0,262144069.0,524416.0,196608.0
1.0638334813475536e+17,334.81350664,0.006430000066757202,-1.34588673,0.005369999911636114,21.04853947146431,0.029311309910128775,19.793964969657726,0.009231691350855956,18.98974137844573,0.005727905700327833,18.730579779183874,0.010059518613625942,18.423173180531585,0.015536224171082543,3600.0,5.25,-3.9,-35.051259,-36.089317,-36.781863,-36.949897,-37.401318,-37.628562,-37.949038,-37.48536,55.851930555856654,0.007265683983738756,0.7341022399184659,17.36417850681499,0.007265683983738756,16.545069802655377,0.007265683983738756,16.538213158380515,0.007265683983738756,2.67752497788439e+18,334.8135102987189,0.5123575,-1.3458873855892217,0.38247776,1.0712534472940196,0.6253652,8.698534,7.361698381742178,0.4927063,-4.633562065463672,0.5315393,1.0757635,436527104.0,52.0,74.0,10.0,262144005.0,655488.0,0.0,262144069.0,524416.0,0.0,262144069.0,524416.0,0.0,262144069.0,524416.0,0.0,262144069.0,524416.0,0.0
1.0620335016009629e+17,335.01599098,0.014329999685287476,-1.49509182,0.014440000057220459,22.218227276864354,0.08022505375095763,21.20771067823092,0.037675999386190276,20.388621597245724,0.01778705739860764,19.970246938559853,0.031511140190789586,19.66123430779475,0.05414905155537533,3600.0,5.25,-3.9,-35.051259,-36.089317,-36.781863,-36.949897,-37.401318,-37.628562,-37.949038,-37.48536,57.14393895973912,0.02199726467583086,1.149774324517157,18.656186910697453,0.02199726467583086,17.83707820653784,0.02199726467583086,17.830221562262977,0.02199726467583086,-999,-999,-999,-999,-999,-999,-999,-999,-999,-999,-999,-999,-999,436527104.0,52.0,45.0,5.0,195035141.0,655360.0,196608.0,262144069.0,524416.0,196608.0,262144069.0,524416.0,196608.0,262144069.0,524416.0,196608.0,195035141.0,524288.0,196608.0
1.067433510040854e+17,335.10042954,0.0028699999675154686,-1.04590296,0.0022100000642240047,18.987179166552295,0.00567816506422495,18.429696720120354,0.0030017555066334206,18.22540245369842,0.0029168471615220177,18.214391512754826,0.00630289530782527,18.2798542186502,0.014422270391685723,5687.5,5.0,-2.3,-38.046347,-38.578801,-38.706193,-38.712252,-38.751164,-38.692266,-38.52837,-38.055428,56.98625621435522,0.0034495707819621173,0.056702763117409946,17.434800165313565,0.0034495707819621173,17.100063461153944,0.0034495707819621173,17.102470816879084,0.0034495707819621173,2.6776309819722327e+18,335.10042964647573,0.18482567,-1.0459036211964987,0.19926657,0.4817573179829874,0.21016236,4.765097,-2.613007520947546,0.23406565,-3.984763621161593,0.23674354,1.074224,436527104.0,52.0,90.0,5.0,262144069.0,524416.0,196608.0,262144069.0,524416.0,196608.0,262144069.0,524416.0,196608.0,262144069.0,524416.0,196608.0,262144069.0,524416.0,196608.0
1.0653334810258555e+17,334.81032105,0.011869999580085278,-1.22073448,0.012910000048577785,21.07382529940944,0.030141021226290494,20.741132474821967,0.01881128883159734,20.647582801456345,0.018557257568519267,20.555943470058452,0.036883139953613246,20.59299732684826,0.0937400378012793,5812.5,0.5,1.0,-38.275257,-38.561499,-38.669985,-38.711003,-38.725011,-38.638791,-38.463771,-38.00615,59.31084727451889,0.021683429854482832,0.02163937888990862,19.812866225477233,0.021683429854482832,19.489253521317615,0.021683429854482832,19.476339877042754,0.021683429854482832,2.6776236246935076e+18,334.8103209906833,2.3225243,-1.2207373362926637,2.9078012,nan,nan,nan,nan,nan,nan,nan,nan,436527104.0,52.0,69.0,10.0,262144069.0,655488.0,0.0,262144069.0,524416.0,0.0,262144069.0,524416.0,0.0,262144005.0,524416.0,0.0,195035141.0,524416.0,0.0
1.0650334763360176e+17,334.76337945,0.014560000039637089,-1.24890163,0.00953999999910593,22.70251960191389,0.13241103986805836,21.2309871291571,0.03136323495295054,19.775571837082907,0.011443005897615264,19.160604679475384,0.015610231646939629,18.873121214647995,0.021271094021966388,3300.0,5.25,-4.0,-33.270908,-34.470102,-35.584091,-36.085661,-36.673823,-37.22328,-37.517753,-37.143257,55.565477892455455,0.027816122765468104,2.922542643931465,17.48300784341379,0.027816122765468104,16.68990213925418,0.027816122765468104,16.593863494979317,0.027816122765468104,2.677623143657302e+18,334.7633726718439,1.4229608,-1.2489086851260387,1.6092455,4.741819128094051,1.6132555,8.793527,0.6918090264095892,1.5586113,-8.766271587955856,1.9691463,0.9899173,436527104.0,52.0,60.0,5.0,195035141.0,655360.0,196608.0,262144005.0,655488.0,196608.0,262144005.0,524416.0,196608.0,262144069.0,524416.0,196608.0,262144069.0,524416.0,196608.0
1.0652335077292363e+17,335.07728379,0.0015699999639764428,-1.23069702,0.006579999811947346,15.470928741229049,0.0007806280397128274,14.681047720108719,0.00041273633800870525,14.430768328509311,0.00033980207303081,14.189731570012121,0.0006301684573213824,14.14330094145717,0.0007562877331636529,4600.0,3.5,-1.6,-36.647834,-37.308173,-37.603842,-37.752288,-37.84345,-37.981122,-38.115592,-37.696555,52.014272860263276,0.00027307729966962775,0.15740476812996973,13.173960811221615,0.00027307729966962775,12.540858107062,0.00027307729966962775,12.489360462787142,0.00027307729966962775,2.677609507135745e+18,335.0772832069383,0.028099949,-1.2307035161231712,0.0277643,2.181639938872617,0.03390188,12.567459,0.8660910532453011,0.032805264,-12.537580322362292,0.03469395,0.94873655,503635968.0,60.0,89.0,5.0,262144069.0,524416.0,196608.0,262144069.0,524416.0,196608.0,262144069.0,524416.0,196608.0,262144069.0,524416.0,196608.0,262144069.0,524416.0,196608.0
1.0631335074360453e+17,335.07436396,0.0029700000304728746,-1.40489236,0.0016599999507889152,18.835718950464774,0.005680134462795562,18.39751735112086,0.003112589536024391,18.16481651095394,0.003042730686395861,18.198577909814905,0.007512751085849514,18.112838991956803,0.012442313224894332,5562.5,0.5,0.0,-37.988472,-38.434764,-38.576377,-38.60987,-38.648451,-38.587224,-38.431378,-37.978741,56.79348074286226,0.0032401415921496698,0.06552717390097615,17.347066693820597,0.0032401415921496698,17.00427998966098,0.0032401415921496698,16.98638234538612,0.0032401415921496698,2.677602115496841e+18,335.07436452988014,0.2130989,-1.404898028362791,0.18757,0.42420682278177846,0.26802164,15.950265,4.237910196140215,0.2180183,-15.376965646037686,0.24920471,1.0488536,436527104.0,52.0,77.0,5.0,262144069.0,524416.0,196608.0,262144069.0,524416.0,196608.0,262144005.0,524416.0,196608.0,262144069.0,524416.0,196608.0,262144005.0,524416.0,196608.0
1.063933479398107e+17,334.79400201,0.008050000295042992,-1.34142589,0.016529999673366547,20.665239902298385,0.022756646029520485,19.38468521484766,0.007247125512716847,18.29414010863801,0.0034917007449864986,17.80512410648643,0.0044441989837410946,17.577826381374877,0.0072434954248152454,3600.0,5.25,-3.7,-34.370028,-35.353768,-36.408712,-36.78025,-37.127324,-37.440923,-37.784489,-37.399731,54.753419542729084,0.005117799806084275,1.6376874831949035,16.453306493687425,0.005117799806084275,15.611107789527807,0.005117799806084275,15.525331145252943,0.005117799806084275,2.677525012244129e+18,334.7940029637211,0.6024239,-1.34142320712879,0.55368614,-0.37519332604512995,0.6868693,1.6452286,-1.333880017958788,0.6566505,0.9630895334472152,0.71402013,1.8189363,503635968.0,60.0,82.0,10.0,262144005.0,524416.0,196608.0,262144069.0,524416.0,196608.0,262144069.0,524416.0,196608.0,262144069.0,524416.0,196608.0,262144069.0,524416.0,196608.0
1.0669335084916685e+17,335.08489072,0.004470000043511391,-1.08632336,0.006020000204443932,19.53981470952561,0.008694939888118052,19.314513735099375,0.005796168645526145,19.22457572620184,0.007392037727553521,19.251426862600315,0.013913399798993793,19.263377223969414,0.03521010687011672,6437.5,4.0,0.4,-38.711425,-38.933683,-38.999443,-38.987792,-38.971675,-38.850909,-38.636606,-38.156741,58.23954525147932,0.007992932108213162,0.004828114861708316,18.529446202437658,0.007992932108213162,18.245116498278044,0.007992932108213162,18.254446854003184,0.007992932108213162,2.6776285381358633e+18,335.0848866185417,0.35720056,-1.0863262425515365,0.44917148,0.10456692372117501,0.34586778,5.4160604,-1.4997498633505586,0.4573818,-5.204273242733554,0.5327921,0.8601582,436527104.0,52.0,76.0,5.0,262144069.0,524416.0,196608.0,262144069.0,524416.0,196608.0,262144069.0,524416.0,196608.0,262144069.0,524416.0,196608.0,262144069.0,524416.0,196608.0
1.0642334923785786e+17,334.92378386,0.00494999997317791,-1.31049671,0.003710000077262521,18.50926134170708,0.003637289790584371,17.896109331469525,0.0026756476916232883,17.69105538786191,0.0020611790836302024,17.635599463341524,0.005676000965244886,17.513763858582948,0.006926567646418762,5312.5,0.0,-2.0,-37.638245,-38.267474,-38.433589,-38.463766,-38.563544,-38.519512,-38.361735,-37.90606,56.122481476592604,0.00204774757353585,0.06725949547384666,16.743779427550944,0.00204774757353585,16.402923723391325,0.00204774757353585,16.388064079116468,0.00204774757353585,2.677607406896631e+18,334.92378699669393,0.15803589,-1.3104968192043875,0.13807505,0.48514158512390126,0.18367487,8.326552,8.087307236553247,0.17126815,-1.9816496873125442,0.1768924,1.1663196,503635968.0,60.0,80.0,5.0,262144069.0,524416.0,196608.0,262144069.0,524416.0,196608.0,262144069.0,524416.0,196608.0,262144069.0,524416.0,196608.0,262144069.0,524416.0,196608.0
1.0663335052127394e+17,335.05210119,0.0038300000596791506,-1.13881322,0.0025100000202655792,19.67021902719957,0.010155295099201643,18.438703973748044,0.002846287154776817,17.23909804060517,0.0020476793561133165,16.751732755256032,0.002480236335712539,16.560237475015835,0.0030202578100530612,3600.0,5.25,-3.7,-34.370028,-35.353768,-36.408712,-36.78025,-37.127324,-37.440923,-37.784489,-37.399731,53.74001465436494,0.0022864635521691076,1.8681252253275848,15.439901605323282,0.0022864635521691076,14.597702901163665,0.0022864635521691076,14.5119262568888,0.0022864635521691076,2.677627919660541e+18,335.05209444500844,0.14483793,-1.1388215542792803,0.15229855,2.244058871792432,0.1719984,26.929832,-16.140918123989735,0.18546747,-21.55659185945705,0.18975472,1.0769794,503635968.0,60.0,87.0,5.0,262144005.0,524416.0,196608.0,262144069.0,524416.0,196608.0,262144069.0,524416.0,196608.0,262144069.0,524416.0,196608.0,262144069.0,524416.0,196608.0
1.0657334776494448e+17,334.7765458,0.008679999969899654,-1.18830755,0.0058200000785291195,19.086239167422764,0.006815573726053103,17.93655820147278,0.002401689982746207,17.333648761283186,0.0017017508121468692,17.019235585028394,0.002412328290966682,16.86882087040354,0.0037100423316893598,3800.0,5.25,-3.7,-35.397698,-36.404124,-37.058686,-37.228045,-37.514694,-37.683869,-38.007623,-37.567673,54.36954991712214,0.001728581588487586,0.5552086451807743,15.82649086808048,0.001728581588487586,15.004104163920864,0.001728581588487586,14.973519519646006,0.001728581588487586,2.677624724204844e+18,334.77654937876395,0.12370702,-1.188310541277001,0.11354392,0.8607068734722094,0.14635032,18.680166,17.888016199045374,0.15409046,-5.382142794250853,0.1363304,0.98641914,503635968.0,60.0,85.0,10.0,262144069.0,524416.0,0.0,262144069.0,524416.0,0.0,262144069.0,524416.0,0.0,262144069.0,524416.0,0.0,262144069.0,524416.0,0.0
1.0623334905061334e+17,334.90504981,0.01169000007212162,-1.4726088,0.005640000104904175,15.640312819324489,0.0009489827116755529,15.148392773412416,0.0005064512270308915,14.931352360492859,0.0005643090222778124,14.891684336406657,0.0008230003394945419,14.850144410800054,0.0014507502480903451,5437.5,0.5,0.2,-37.831675,-38.287068,-38.458841,-38.512367,-38.546145,-38.511269,-38.393371,-37.94379,53.4195965400873,0.00041267476521767853,0.05424919815118222,14.049137491045638,0.00041267476521767853,13.66840278688602,0.00041267476521767853,13.64744914261116,0.00041267476521767853,2.677508111547769e+18,334.9050465122951,0.034560945,-1.4726135017295312,0.03179347,1.1230380820180796,0.039484087,14.767691,-8.48620865325648,0.036014006,-12.085898778821559,0.03704312,0.9750397,503635968.0,60.0,73.0,5.0,262144069.0,524416.0,196608.0,262144069.0,524416.0,196608.0,262144069.0,524416.0,196608.0,262144069.0,524416.0,196608.0,262144069.0,524416.0,196608.0
1.0638334923684218e+17,334.92368903,0.007029999978840351,-1.34856239,0.007160000037401915,22.059073025366988,0.07151699830098354,20.89151235617819,0.022699006931033792,19.775156794593926,0.008351185828663158,19.301111777205033,0.01604128172170727,18.96871122573641,0.025049112171848093,3600.0,5.25,-3.7,-34.370028,-35.353768,-36.408712,-36.78025,-37.127324,-37.440923,-37.784489,-37.399731,56.207129435816114,0.016228923570287556,1.820421419321377,17.907016386774455,0.016228923570287556,17.064817682614837,0.016228923570287556,16.97904103833997,0.016228923570287556,2.6776067197021747e+18,334.923694485329,1.0780251,-1.3485649179302226,0.92511445,0.959834683631537,1.2726232,9.133821,3.3296619385340875,1.0025549,-8.505294533734293,1.0945432,0.97160274,436527232.0,52.0,67.0,5.0,195035141.0,655360.0,196608.0,262144005.0,524416.0,196608.0,262144069.0,524416.0,196608.0,262144069.0,524416.0,196608.0,262144069.0,524416.0,196608.0
1.0667334865887203e+17,334.86593188,0.012659999541938305,-1.10711985,0.023229999467730522,21.06720193627355,0.03155103259028277,20.53586710249319,0.01594332283331401,20.320987724715646,0.01790125863346196,20.19058936839221,0.03353515295256528,20.033050203207242,0.05765005884259729,5125.0,2.5,1.0,-37.407328,-37.911197,-38.144379,-38.236678,-38.280028,-38.305748,-38.282286,-37.846165,58.42546126701637,0.015515473604436742,0.17207967592819834,19.260523217974704,0.015515473604436742,18.78535251381509,0.015515473604436742,18.750938869540228,0.015515473604436742,2.677626923228149e+18,334.86592531128036,2.4599972,-1.1071260288308593,5.8329296,nan,nan,nan,nan,nan,nan,nan,nan,436527104.0,52.0,63.0,5.0,262144005.0,524416.0,196608.0,262144069.0,524416.0,196608.0,262144069.0,524416.0,196608.0,262144069.0,524416.0,196608.0,195035141.0,524416.0,196608.0
1.0629335000057426e+17,335.00008468,0.011869999580085278,-1.42179328,0.007840000092983246,20.45264883845482,0.018496491815471708,19.855203377022832,0.0088960357701901,19.63685386722166,0.009994637128567409,19.46520040287098,0.01764030565146954,19.449863455798067,0.044365082186660104,5062.5,3.5,0.3,-37.340937,-37.876297,-38.107698,-38.197879,-38.248138,-38.286389,-38.279269,-37.843346,57.726143788273674,0.010584126480994879,0.098731964448013,18.580564739232013,0.010584126480994879,18.0890520350724,0.010584126480994879,18.054440390797538,0.010584126480994879,2.6776023903747333e+18,335.000084933358,0.6066125,-1.421796202468474,0.4836545,0.7324707874033071,0.7942541,10.979241,-2.7487512993580214,0.5414715,-10.629586559263636,0.66148734,0.9623597,436527104.0,52.0,56.0,5.0,262144069.0,524416.0,196608.0,262144069.0,524416.0,196608.0,262144069.0,524416.0,196608.0,262144069.0,524416.0,196608.0,195035205.0,524416.0,196608.0
1.0624334996846982e+17,334.99685651,0.0033100000582635403,-1.45884263,0.002570000011473894,19.50392815361575,0.008221760903521492,18.373696403001876,0.0031731502691108313,17.883921818750323,0.002062829279555118,17.576415888016328,0.004288303780528801,17.42379866560715,0.007616504475614457,3700.0,5.25,-3.9,-35.71008,-36.718308,-37.208436,-37.24002,-37.662846,-37.780598,-38.100624,-37.598092,55.06029018579829,0.002516522913567649,0.43081705544667237,16.420502136756628,0.002516522913567649,15.601843432597008,0.002516522913567649,15.633840788322148,0.002516522913567649,2.6775075918567383e+18,334.9968582152029,0.18613625,-1.4588438526361192,0.17720634,1.0336211448392516,0.22270907,5.73059,3.2432840745650924,0.19414467,-4.724486285290217,0.21968637,0.9757967,503635968.0,60.0,88.0,5.0,262144069.0,524416.0,196608.0,262144069.0,524416.0,196608.0,262144069.0,524416.0,196608.0,262144069.0,524416.0,196608.0,262144069.0,524416.0,196608.0
1.0626334982050594e+17,334.98204686,0.0041600000113248825,-1.44541264,0.0052200001664459705,19.319696068877118,0.007148169888681011,18.342451409054505,0.0033320380979169075,17.974559588547663,0.0035342636850873655,17.86437625153219,0.005616997785551852,17.73215311822207,0.011516335068434297,4625.0,0.0,-0.5,-36.547674,-37.448169,-37.736379,-37.865306,-38.03062,-38.136504,-38.158413,-37.733266,55.77227688724671,0.0030910610991728197,0.1721366537554579,16.776582838205048,0.0030910610991728197,16.256041134045432,0.0030910610991728197,16.21065348977057,0.0030910610991728197,2.677508416490464e+18,334.9820490812798,0.1914165,-1.4454120237530808,0.1792615,0.6073858074549435,0.22911358,2.714955,2.5436629275954057,0.19698092,-0.9490839055243618,0.22035837,1.0237669,503635968.0,60.0,68.0,5.0,262144005.0,524416.0,196608.0,262144069.0,524416.0,196608.0,262144069.0,524416.0,196608.0,262144069.0,524416.0,196608.0,262144069.0,524416.0,196608.0
1.0625334987461426e+17,334.987509,0.015560000203549862,-1.45520773,0.017160000279545784,21.090012078023054,0.03184100398763926,20.656349526895212,0.02229414969064494,20.554486412322838,0.032092118656419116,20.617959526115243,0.051628097624781044,20.57011431780373,0.1280780242321685,6062.5,2.5,-2.5,-38.47412,-38.910293,-38.985685,-38.953569,-38.986727,-38.852046,-38.587573,-38.121192,59.55986317223201,0.029400832288081432,0.0050274949560912335,19.84862712319035,0.029400832288081432,19.61446741903074,0.029400832288081432,19.610313774755873,0.029400832288081432,-999,-999,-999,-999,-999,-999,-999,-999,-999,-999,-999,-999,-999,436527104.0,52.0,32.0,5.0,262144005.0,524416.0,196608.0,262160391.0,524416.0,196608.0,262160391.0,524416.0,196608.0,262160391.0,655488.0,196608.0,195035141.0,655360.0,196608.0
1.0626334972036715e+17,334.97204032,0.006719999946653843,-1.4444345,0.007960000075399876,21.444427453728284,0.04520105177712496,20.218341713635933,0.012629232751382469,19.447583139115743,0.008364425966992346,19.131770156010433,0.01466233797845627,18.93716259654724,0.028949111454638254,3600.0,5.25,-3.9,-35.051259,-36.089317,-36.781863,-36.949897,-37.401318,-37.628562,-37.949038,-37.48536,56.290587811807534,0.011533657585366001,0.7410982234007825,17.80283576276587,0.011533657585366001,16.983727058606256,0.011533657585366001,16.976870414331394,0.011533657585366001,2.6775084164905283e+18,334.97203985199,0.6139109,-1.4444370302189422,0.5855619,1.540273076697309,0.76094776,7.978339,-4.375072949754778,0.6932905,-6.671778608921121,0.6931176,0.9849101,436527104.0,52.0,64.0,5.0,195035141.0,524416.0,196608.0,262144069.0,524416.0,196608.0,262144005.0,524416.0,196608.0,262144069.0,524416.0,196608.0,262144069.0,524416.0,196608.0
1.0639334906332782e+17,334.90632778,0.007969999685883522,-1.33553684,0.017020000144839287,22.403868002126845,0.0865280046920441,20.981091758830516,0.02602200614848239,19.777085085856495,0.01003307559834116,19.29256117769647,0.01849623116467849,19.026871147522762,0.025949100088076372,3400.0,5.25,-3.9,-33.768109,-34.920906,-35.953811,-36.371386,-36.883879,-37.315431,-37.613851,-37.226192,55.87591363440662,0.01926693475217926,1.9130244843503672,17.701292585364964,0.01926693475217926,16.90423988120535,0.01926693475217926,16.821364236930485,0.01926693475217926,2.6776069945829166e+18,334.90632786776087,1.3169149,-1.3355398775327798,0.9213868,-0.10224862663001298,1.2164915,9.163425,-0.4689567014781854,1.0921338,-9.151417349245087,1.146532,0.9353725,436527104.0,52.0,61.0,5.0,195035141.0,655360.0,196608.0,262144005.0,524416.0,196608.0,262144069.0,524416.0,196608.0,262144069.0,524416.0,196608.0,262144069.0,524416.0,196608.0
1.0674334921282363e+17,334.92133715,0.007089999970048666,-1.04743548,0.0081599997356534,20.82351276478018,0.028688137737949735,20.12889886679026,0.010904592055814046,19.807944969111837,0.010690488130513535,19.659927601163552,0.02022725827694662,19.570996812318448,0.04139108439963797,4700.0,4.0,-1.6,-36.731819,-37.36648,-37.651371,-37.783224,-37.868712,-37.982182,-38.075466,-37.651744,57.478577402832855,0.011275761183040743,0.16126689561716856,18.63720535379119,0.011275761183040743,18.04528864963158,0.011275761183040743,17.998476005356714,0.011275761183040743,2.677633176700833e+18,334.921338679389,0.7452142,-1.0474419788596905,0.60828876,0.5665712961305323,0.8305249,7.679665,3.600147157063516,1.0745004,-6.783523836646579,0.8670102,0.914031,436527104.0,52.0,76.0,5.0,262144069.0,524416.0,196608.0,262144069.0,524416.0,196608.0,262144069.0,524416.0,196608.0,262144005.0,524416.0,196608.0,195035141.0,524416.0,196608.0
1.0676335113950013e+17,335.1139486,0.008849999867379665,-1.03357546,0.003809999907389283,20.78032953585936,0.026784327705084182,19.628401043676284,0.008343856772458308,19.05672172038433,0.005134074883852534,18.809230401286072,0.010642494396518487,18.610415986073857,0.017520200770819155,3700.0,5.25,-3.9,-35.71008,-36.718308,-37.208436,-37.24002,-37.662846,-37.780598,-38.100624,-37.598092,56.28495773745598,0.007024525616425307,0.4588235424637741,17.645169688414324,0.007024525616425307,16.826510984254703,0.007024525616425307,16.858508339979842,0.007024525616425307,2.677631012037052e+18,335.1139502025272,0.38813624,-1.033576514484536,0.3917931,0.9550658478843421,0.42091942,7.140169,-1.1804817009657937,0.54843444,-7.0419085748215995,0.4741187,0.92240775,436527104.0,52.0,78.0,5.0,262144069.0,524416.0,196608.0,262144005.0,524416.0,196608.0,262144069.0,524416.0,196608.0,262144069.0,524416.0,196608.0,262144069.0,524416.0,196608.0
1.0656334877630475e+17,334.87759721,0.014209999702870846,-1.19646375,0.014310000464320183,22.754277373096105,0.12455217957503252,21.344327317663105,0.03560615324124749,20.5632683116379,0.018797999482481276,20.187899097067284,0.033375110255736036,19.884396353625824,0.05575503825942128,3500.0,5.25,-4.0,-34.684886,-35.794762,-36.506989,-36.718367,-37.250151,-37.556015,-37.860125,-37.399868,57.137864690618045,0.029228021243981456,0.8498216656656286,18.72265964157638,0.029228021243981456,17.919916937416772,0.029228021243981456,17.909639293141908,0.029228021243981456,-999,-999,-999,-999,-999,-999,-999,-999,-999,-999,-999,-999,-999,436527104.0,52.0,54.0,10.0,195035141.0,655360.0,0.0,262144069.0,524416.0,0.0,262144069.0,524416.0,0.0,262144069.0,524416.0,0.0,195035141.0,655360.0,0.0
1.0631335074586635e+17,335.07458199,0.0041600000113248825,-1.40339304,0.002420000033453107,18.354632072364865,0.00398478325217658,17.220999895663855,0.0014641058893354833,16.68257271861462,0.0014120164017066914,16.46962333653304,0.0019329327379399618,16.32000768271674,0.0036790644784834973,3800.0,5.25,-3.8,-35.867083,-36.863333,-37.336236,-37.374505,-37.714677,-37.807618,-38.129643,-37.640044,54.04073394117862,0.0012212720965770348,0.36627764576641797,15.373925892136963,0.0012212720965770348,14.553268187977345,0.0012212720965770348,14.572332543702482,0.0012212720965770348,2.677602119791931e+18,335.07458085069544,0.09730054,-1.4033996453339381,0.087933525,1.1234252342172915,0.11935271,14.825629,1.541410365413301,0.10208393,-14.745282119906754,0.11353882,0.97477347,503635968.0,60.0,87.0,5.0,262144069.0,524416.0,196608.0,262144069.0,524416.0,196608.0,262144069.0,524416.0,196608.0,262144069.0,524416.0,196608.0,262144069.0,524416.0,196608.0
1.0666334953748909e+17,334.95375196,0.004120000172406435,-1.10950051,0.0041600000113248825,21.146535226793024,0.03407928512387811,19.92635239932179,0.00970953255014536,18.640169099196836,0.004661997274114492,18.02834353241877,0.006106840595776494,17.734848956450335,0.008515399923893835,3400.0,5.25,-3.9,-33.768109,-34.920906,-35.953811,-36.371386,-36.883879,-37.315431,-37.613851,-37.226192,54.67486804283616,0.00744906021832778,2.510846457812824,16.5002469937945,0.00744906021832778,15.703194289634887,0.00744906021832778,15.620318645360024,0.00744906021832778,2.6776318753249935e+18,334.9537554280099,0.33786136,-1.1094990707863754,0.33481243,0.8674911514897095,0.39283216,4.963123,3.9750199652346034,0.45513648,-2.9718351206412446,0.42598444,1.1016378,503635968.0,60.0,70.0,5.0,262144005.0,524416.0,196608.0,262144069.0,524416.0,196608.0,262144069.0,524416.0,196608.0,262144069.0,524416.0,196608.0,262144069.0,524416.0,196608.0
1.0624334920071598e+17,334.92007328,0.03167000040411949,-1.46211108,0.07395000010728836,22.199750655099866,0.07729753072573828,21.56071421052865,0.04034600643168951,21.580765412441195,0.04832301560992784,21.287670295034776,0.08533405286733423,21.098229435217842,0.17310501637054948,4900.0,5.0,-2.0,-37.133188,-37.691784,-37.934121,-38.034155,-38.104453,-38.186576,-38.247609,-37.807096,59.324966201664466,0.043444249147767726,0.35022431432202517,20.279200152622803,0.043444249147767726,19.719534448463193,0.043444249147767726,19.689512804188325,0.043444249147767726,-999,-999,-999,-999,-999,-999,-999,-999,-999,-999,-999,-999,-999,436527104.0,52.0,21.0,5.0,35651585.0,0.0,196608.0,35651585.0,128.0,196608.0,35651585.0,0.0,196608.0,35651585.0,0.0,196608.0,35651585.0,0.0,196608.0
1.066033515483466e+17,335.15484655,0.003100000089034438,-1.1615416,0.005109999794512987,19.308142634901152,0.007670774591298373,18.721501773649315,0.0034309325930013956,18.493452620004067,0.0034253399090721204,18.39869862580771,0.0075327443661037646,18.316861940889765,0.013541284930148896,5125.0,3.0,0.2,-37.420701,-37.953305,-38.170535,-38.251213,-38.300373,-38.332654,-38.315684,-37.871375,56.666956919050406,0.0035913990033158713,0.0865589686886898,17.475112870008747,0.0035913990033158713,16.993450165849133,0.0035913990033158713,16.967224521574266,0.0035913990033158713,2.6776160655507917e+18,335.1548463123125,0.2132196,-1.161543976426075,0.21728833,0.3779835627415622,0.25239635,6.633451,0.822331244342267,0.26891428,-6.582282473331778,0.2609305,1.0071722,436527104.0,52.0,82.0,5.0,262144069.0,524416.0,196608.0,262144069.0,524416.0,196608.0,262144069.0,524416.0,196608.0,262144069.0,524416.0,196608.0,262144069.0,524416.0,196608.0
1.064433512286293e+17,335.1228536,0.004360000137239695,-1.2926057,0.0044200001284480095,21.062749829574475,0.03132025364468164,19.82081456297901,0.00830671283255606,19.030016823667225,0.005136970317153729,18.635075061737982,0.008586603692101373,18.4669691072387,0.014183243164612275,3600.0,5.25,-3.9,-35.051259,-36.089317,-36.781863,-36.949897,-37.401318,-37.628562,-37.949038,-37.48536,55.85785587703948,0.00735184978116608,0.8765549140056207,17.37010382799782,0.00735184978116608,16.550995123838206,0.00735184978116608,16.544138479563344,0.00735184978116608,2.677605345312672e+18,335.1228446595904,0.45832056,-1.292607623697606,0.4989269,1.1541793099624573,0.6037902,8.121662,-5.755640494478308,0.53150433,-5.7300953872207785,0.5342003,1.0210024,436527104.0,52.0,84.0,5.0,262144005.0,524416.0,196608.0,262144069.0,524416.0,196608.0,262144069.0,524416.0,196608.0,262144069.0,524416.0,196608.0,262144069.0,524416.0,196608.0
1.064033521833914e+17,335.21837106,0.0028800000436604023,-1.33255429,0.005429999902844429,18.493721313949692,0.0051566402533630516,18.189116035822856,0.002876046655528153,17.975469453085626,0.0030757284945128207,17.98515597558244,0.005194088733944453,17.983811493091135,0.008810442763061208,5937.5,4.25,1.0,-38.249789,-38.565871,-38.69252,-38.720014,-38.721019,-38.653196,-38.506972,-38.042131,56.71529745430635,0.0024406978370671226,0.05006690278770021,17.20291140526469,0.0024406978370671226,16.85050270110508,0.0024406978370671226,16.844809056830215,0.0024406978370671226,2.6776098807977667e+18,335.21837227312585,0.1517354,-1.3325570219462708,0.13772468,0.2771610549888692,0.17521338,8.351688,4.682072657928244,0.18189578,-6.9158432859805075,0.17458749,0.9930002,436527104.0,52.0,82.0,5.0,262144069.0,524416.0,196608.0,262144069.0,524416.0,196608.0,262144069.0,524416.0,196608.0,262144069.0,524416.0,196608.0,262144069.0,524416.0,196608.0
1.0664334873347722e+17,334.87334225,0.0027099999133497477,-1.12774054,0.004339999984949827,19.902038613669752,0.011644876007438966,18.690554454439305,0.0038410582852722495,17.596777172084224,0.0017442224515971491,17.060115644842437,0.0027759897585241194,16.81141581072129,0.004409856290946229,3600.0,5.25,-3.7,-34.370028,-35.353768,-36.408712,-36.78025,-37.127324,-37.440923,-37.784489,-37.399731,54.0201967391514,0.0026873937529611897,1.7666629345399414,15.720083690109742,0.0026873937529611897,14.877884985950125,0.0026873937529611897,14.792108341675261,0.0026873937529611897,2.677626167313892e+18,334.87331963892956,0.17123105,-1.127759280405813,0.16923247,2.1237084998819764,0.1967265,31.627298,-22.07702861245385,0.21894276,-22.64709278662263,0.20903796,1.0943311,503636096.0,60.0,95.0,5.0,262144069.0,524416.0,196608.0,262144069.0,524416.0,196608.0,262144069.0,524416.0,196608.0,262144069.0,524416.0,196608.0,262144069.0,524416.0,196608.0
1.0624335052703374e+17,335.05270831,0.0034099998883903027,-1.46389261,0.003220000071451068,14.80398765134657,0.0006514853582489524,14.443347089925656,0.00040275370220656237,14.421440183433058,0.0003893180107912324,14.355937351470775,0.0006262482842042107,14.227989195459754,0.0008765729980348509,5812.5,0.0,-0.2,-38.318111,-38.659819,-38.740386,-38.766368,-38.80446,-38.682932,-38.470614,-38.009671,53.10836909432717,0.0002755924066104017,0.05283301095252903,13.566247045285511,0.0002755924066104017,13.2799323411259,0.0002755924066104017,13.270340696851038,0.0002755924066104017,2.677601226438733e+18,335.0527113920673,0.026312059,-1.46389252315114,0.027827924,0.7640071106568848,0.033265304,8.916597,8.842594321235804,0.026998946,-1.1464041383460084,0.030278318,1.0790101,503635968.0,60.0,79.0,5.0,262144069.0,524416.0,196608.0,262144069.0,524416.0,196608.0,262144069.0,524416.0,196608.0,262144069.0,524416.0,196608.0,262144069.0,524416.0,196608.0
1.0647335144818325e+17,335.14485591,0.0021800000686198473,-1.27266765,0.00203000009059906,19.435881563128905,0.00810596040821088,18.261549488168285,0.00265093267302962,17.33478114400177,0.001596926732372722,16.91948589413717,0.0024352948881598254,16.717680717072167,0.0037500238728519547,3700.0,5.25,-3.7,-34.932512,-35.916079,-36.765533,-37.017915,-37.335581,-37.564293,-37.896877,-37.481317,54.12739976130166,0.001952204429912419,1.1589484862888524,15.70391671226,0.001952204429912419,14.87270000810038,0.001952204429912419,14.817725363825526,0.001952204429912419,2.67761125518735e+18,335.14485870865667,0.17138101,-1.2726709213644831,0.16090846,1.2503337863972004,0.1940284,12.94977,8.14715964086657,0.1789766,-10.065799878929056,0.19029914,1.1333967,503635968.0,60.0,92.0,5.0,262144069.0,524416.0,196608.0,262144069.0,524416.0,196608.0,262144069.0,524416.0,196608.0,262144069.0,524416.0,196608.0,262144069.0,524416.0,196608.0
1.063333504352425e+17,335.04355301,0.0028699999675154686,-1.38998377,0.0025400000158697367,19.56081298647967,0.010429197860568167,18.387366827695594,0.003462508144539221,17.19843245741128,0.0017652580743669657,16.605022899304576,0.0021505783637418845,16.26392490586689,0.0029742765329216258,3400.0,5.25,-4.0,-33.977897,-35.132432,-36.04554,-36.402014,-36.961987,-37.389647,-37.68894,-37.271563,53.30708601535161,0.0023438820356654544,2.278993450559206,15.05824896630995,0.0023438820356654544,14.26032326215033,0.0023438820356654544,14.20716561787547,0.0023438820356654544,2.6776028370513577e+18,335.043566778367,0.14548893,-1.3900005252347307,0.13161941,2.4229679812507285,0.18110397,53.363228,33.11628443458829,0.15418705,-41.84430385619432,0.17490119,0.99913937,503635968.0,60.0,85.0,5.0,262144069.0,524416.0,196608.0,262144069.0,524416.0,196608.0,262144069.0,524416.0,196608.0,262144069.0,524416.0,196608.0,262144069.0,524416.0,196608.0
1.064133500849526e+17,335.00849535,0.004939999897032976,-1.32323142,0.005210000090301037,20.188206776234406,0.013426060610500463,19.66254631435001,0.007860421364544429,19.401125845670556,0.006597081827548423,19.335296276024206,0.015678350053592503,19.309758107035343,0.03518210575283368,5250.0,1.75,0.3,-37.585206,-38.071683,-38.277985,-38.351241,-38.389762,-38.395712,-38.343334,-37.89667,57.7145620638629,0.008412272087351775,0.08082579182893582,18.459660014821235,0.008412272087351775,18.013405310661625,0.008412272087351775,17.98953466638676,0.008412272087351775,2.6776064791836774e+18,335.00849043001875,0.52174956,-1.3232394780316155,0.42779455,-0.8636621286587599,0.64248437,9.551953,-4.034354111050021,0.5722927,-8.658164177349141,0.58384126,1.0216161,436527104.0,52.0,87.0,5.0,262144069.0,524416.0,196608.0,262144069.0,524416.0,196608.0,262144069.0,524416.0,196608.0,262144069.0,524416.0,196608.0,262144005.0,524416.0,196608.0
1.066133490391619e+17,334.90393256,0.0028099999763071537,-1.15714321,0.0019600000232458115,18.7020627486239,0.004625875650990148,17.49211783601132,0.0020061688789833002,16.516062364749686,0.0009577421761818703,16.054498408844587,0.0017891588470611577,15.869995020544511,0.0025865074614022793,3600.0,5.25,-3.8,-34.710644,-35.721542,-36.595287,-36.865073,-37.264321,-37.534743,-37.866763,-37.442545,53.15832067575481,0.0012038574569004272,1.286659911524431,14.764387626713148,0.0012038574569004272,13.933734922553533,0.0012038574569004272,13.887418278278668,0.0012038574569004272,2.677625445759369e+18,334.9039382081217,0.08651279,-1.157139845435431,0.08266618,2.1634076460280047,0.10093084,13.965862,13.2127417836925,0.1023106,4.524243221430849,0.10832349,1.0202186,503635968.0,60.0,75.0,5.0,262144069.0,524416.0,196608.0,262144069.0,524416.0,196608.0,262144069.0,524416.0,196608.0,262144069.0,524416.0,196608.0,262144069.0,524416.0,196608.0
1.067033482437761e+17,334.82434982,0.018929999321699142,-1.07865783,0.021849999204277992,21.25997145342933,0.03964600342480548,20.88997199836487,0.024911134115850355,20.713396265485613,0.02156017525306649,20.396161271414346,0.03608713709823619,20.08911719817077,0.07925904189775838,4900.0,3.25,-1.6,-37.096765,-37.655586,-37.899497,-38.013698,-38.076834,-38.159873,-38.215689,-37.782542,58.418199637372986,0.02024004795837997,0.9043258723199271,19.399136588331327,0.02024004795837997,18.844687884171712,0.02024004795837997,18.807300239896847,0.02024004795837997,-999,-999,-999,-999,-999,-999,-999,-999,-999,-999,-999,-999,-999,436527232.0,52.0,65.0,5.0,195035141.0,655488.0,196608.0,262144005.0,524416.0,196608.0,262144005.0,524416.0,196608.0,262144005.0,524416.0,196608.0,195035141.0,524288.0,196608.0
1.0666335106025125e+17,335.10607553,0.008249999955296516,-1.1160292,0.006519999820739031,21.188087778488175,0.038969082420835625,20.067583750477283,0.011154375010031395,19.422861812861427,0.0074005656255847554,19.130636109530126,0.014032360208591724,18.993323290507945,0.023800140488718268,3800.0,5.25,-3.7,-35.397698,-36.404124,-37.058686,-37.228045,-37.514694,-37.683869,-38.007623,-37.567673,56.481147948373,0.009921958795462265,0.5860927186301004,17.938088899331337,0.009921958795462265,17.11570219517172,0.009921958795462265,17.08511755089686,0.009921958795462265,2.67762826325794e+18,335.1060803623536,0.5314214,-1.1160309945516491,0.57889783,0.8475702147083389,0.60159296,12.807464,3.9635262508189673,0.7215746,-12.178735257112928,0.6509092,1.0137467,436527104.0,52.0,76.0,5.0,262144005.0,524416.0,196608.0,262144069.0,524416.0,196608.0,262144069.0,524416.0,196608.0,262144069.0,524416.0,196608.0,262144069.0,524416.0,196608.0
1.0669334819800741e+17,334.81979103,0.01233999989926815,-1.08580145,0.008919999934732914,18.25911986393075,0.0034965777709708512,17.847152218192505,0.0022956403866567477,17.722088481118305,0.00221291291890357,17.646459346839865,0.004578242260100493,17.584915598465425,0.009303422947133502,5562.5,0.0,0.2,-38.019196,-38.406297,-38.540844,-38.591157,-38.62498,-38.566415,-38.423829,-37.964544,56.24844190170938,0.0022795349105058046,0.03759399202039778,16.822836852667717,0.0022795349105058046,16.466790148508103,0.0022795349105058046,16.45554050423324,0.0022795349105058046,2.6776268888684216e+18,334.8197884963168,0.119768895,-1.0858046041020066,0.11296037,0.26228872249803425,0.1400131,6.448011,2.4953991501362345,0.14288563,-5.945572157833752,0.1338734,0.97189444,503635968.0,60.0,77.0,5.0,262144069.0,524416.0,196608.0,262144069.0,524416.0,196608.0,262144069.0,524416.0,196608.0,262144069.0,524416.0,196608.0,262144069.0,524416.0,196608.0
1.0670335049110387e+17,335.04911877,0.00860000029206276,-1.08049802,0.008740000426769257,22.46844497389171,0.11677805879236061,21.28840092470399,0.027814132339641112,19.88734143962556,0.010742002021366505,19.271754926794394,0.015838243475728785,19.004362391368698,0.02418809196439974,3600.0,5.25,-3.6,-34.029413,-34.985993,-36.222136,-36.695426,-36.990327,-37.347104,-37.702214,-37.356916,56.16871993127686,0.024788743679195094,2.8960511742058954,17.9624258822352,0.024788743679195094,17.108683178075587,0.024788743679195094,16.983446533800723,0.024788743679195094,2.6776293284101975e+18,335.04913839546305,2.6912863,-1.0805025835399362,5.373892,nan,nan,nan,nan,nan,nan,nan,nan,436527104.0,52.0,66.0,5.0,195035141.0,655360.0,196608.0,262144069.0,524416.0,196608.0,262144069.0,524416.0,196608.0,262144069.0,524416.0,196608.0,262144069.0,524416.0,196608.0
1.0633334975812469e+17,334.97581443,0.001990000018849969,-1.38815506,0.002580000087618828,17.57237687280689,0.0022975356810435556,16.703127862040013,0.0012515474643349067,16.390703254768408,0.0009493128500073559,16.229651847861447,0.0020777469434377317,16.109624007098226,0.0026904699728203863,4687.5,1.0,-0.6,-36.704787,-37.523413,-37.79131,-37.914884,-38.053982,-38.157717,-38.195414,-37.760033,54.198771968915004,0.00087867848918597,0.1554644498556606,15.181864919873345,0.00087867848918597,14.645535215713728,0.00087867848918597,14.610381571438866,0.00087867848918597,2.6776056244852454e+18,334.9758150797534,0.08409711,-1.388160238428254,0.09072444,0.9186029391363769,0.10445156,10.876857,1.8400828824849582,0.08213733,-10.720079807974493,0.09898709,1.078291,503635968.0,60.0,81.0,5.0,262144069.0,524416.0,196608.0,262144069.0,524416.0,196608.0,262144069.0,524416.0,196608.0,262144069.0,524416.0,196608.0,262144069.0,524416.0,196608.0
1.064133505809292e+17,335.058073,0.012609999626874924,-1.31771799,0.00686000008136034,20.80637538703115,0.030366298635384644,19.543804375591996,0.007178857272524192,18.677508655353073,0.004489133623142794,18.30708985710872,0.006270829356449401,18.078685494776288,0.01236328034453595,3700.0,5.25,-3.7,-34.932512,-35.916079,-36.765533,-37.017915,-37.335581,-37.564293,-37.896877,-37.481317,55.476216753972245,0.00688759582709196,0.9910842341079174,17.052733704930585,0.00688759582709196,16.221517000770966,0.00688759582709196,16.16654235649611,0.00688759582709196,2.677607819213481e+18,335.0580716613927,0.36743122,-1.3177222710455652,0.36776373,1.053163712586458,0.44730332,15.91612,-6.957429822638609,0.49057212,-14.314923126138591,0.4784467,1.0357044,503635968.0,60.0,76.0,5.0,262144069.0,524416.0,196608.0,262144069.0,524416.0,196608.0,262144069.0,524416.0,196608.0,262144069.0,524416.0,196608.0,262144069.0,524416.0,196608.0
1.0649334985475757e+17,334.98543799,0.00803999975323677,-1.25242908,0.008190000429749489,22.060204868689304,0.07486100141295561,20.648205776088844,0.016827002738060984,19.829905544827614,0.01141211743839419,19.45340389820806,0.01781625062280129,19.273103513901603,0.03362608396549539,3500.0,5.25,-4.0,-34.684886,-35.794762,-36.506989,-36.718367,-37.250151,-37.556015,-37.860125,-37.399868,56.44399572034308,0.017280840589779155,0.9701355575054359,18.02879067130142,0.017280840589779155,17.22604796714181,0.017280840589779155,17.215770322866945,0.017280840589779155,2.6776092623228595e+18,334.98543591477306,2.5780256,-1.2524292345024395,1.1784376,nan,nan,nan,nan,nan,nan,nan,nan,436527232.0,52.0,67.0,5.0,195035141.0,655360.0,196608.0,262144005.0,524416.0,196608.0,262144069.0,524416.0,196608.0,262144069.0,524416.0,196608.0,262144005.0,524416.0,196608.0
1.0652334986272838e+17,334.98623896,0.006289999932050705,-1.22675249,0.006390000227838755,22.109634985870233,0.07991100110191321,20.911366491324987,0.021168999476445228,19.495472057468906,0.0076271408665636795,18.872059548735066,0.013660321384224672,18.533468428670865,0.02274911833925855,3400.0,5.25,-3.8,-33.558321,-34.70938,-35.862082,-36.340758,-36.805771,-37.241216,-37.538762,-37.180821,55.43966270241401,0.017431230225404073,3.068411602262985,17.33925665337235,0.017431230225404073,16.543077949212737,0.017431230225404073,16.43048430493787,0.017431230225404073,2.6776210477131274e+18,334.9862519333027,0.8492118,-1.2267449610916834,0.82149595,-0.14696555582242088,1.0401119,12.919131,12.689922158326254,1.0172169,2.4227733896571086,0.9444678,1.2194735,436527104.0,52.0,68.0,5.0,195035141.0,655360.0,196608.0,262144069.0,524416.0,196608.0,262144069.0,524416.0,196608.0,262144069.0,524416.0,196608.0,262144069.0,524416.0,196608.0
1.0644334881710154e+17,334.88172006,0.002940000034868717,-1.299101,0.00215000007301569,16.20069802435945,0.001346709875164478,15.92719587809977,0.0007190538131780579,15.742812583414377,0.0006980793983900262,15.648247500705653,0.0016215398238909914,15.788802518364216,0.0023796743765442936,6125.0,5.0,1.0,-38.401944,-38.690684,-38.80068,-38.816586,-38.808715,-38.721557,-38.553205,-38.081191,54.56527310098869,0.0006666400005824407,0.07975984979526261,14.984526051947032,0.0006666400005824407,14.654245347787416,0.0006666400005824407,14.655724703512556,0.0006666400005824407,2.677618921703996e+18,334.8817224197292,0.05433153,-1.2991023641701696,0.05981579,0.46367332298059233,0.05650084,7.8280573,6.382725185960424,0.06616436,-4.532030198250058,0.082805775,1.036362,503635968.0,60.0,71.0,5.0,262144069.0,524416.0,196608.0,262144069.0,524416.0,196608.0,262144069.0,524416.0,196608.0,262144069.0,524416.0,196608.0,262144069.0,524416.0,196608.0
1.0638334841901952e+17,334.8419277,0.006320000160485506,-1.3424493,0.006430000066757202,21.407252035514762,0.040939079515162416,20.218288844235612,0.01484325265705935,19.488108670845744,0.007865504556725052,19.155358539202346,0.014102355933513507,18.952650422410862,0.023673139057565035,3700.0,5.25,-3.8,-35.321296,-36.317193,-36.986985,-37.128968,-37.499213,-37.672445,-37.998751,-37.539705,56.495062702441864,0.010425910988755406,0.6995867436952428,17.9634276534002,0.010425910988755406,17.13848894924059,0.010425910988755406,17.127000304965726,0.010425910988755406,2.677524840445483e+18,334.84192070299395,0.9346786,-1.3424523995395852,0.55371463,-0.10976808987773676,1.2357733,5.2317924,-0.5254994478539801,0.7958173,-5.2053340392878376,0.8396788,0.96916014,436527104.0,52.0,71.0,5.0,195035205.0,524416.0,196608.0,262144005.0,524416.0,196608.0,262144069.0,524416.0,196608.0,262144069.0,524416.0,196608.0,262144005.0,524416.0,196608.0
1.0640334894188222e+17,334.8941994,0.0031799999997019768,-1.33184852,0.005160000175237656,19.916459493491274,0.011298969258999605,18.627896719600592,0.005535130580416773,17.538746730742922,0.0024609984052331706,17.013525790041246,0.003644516091832602,16.749828390097,0.004449849420712723,3600.0,5.25,-3.7,-34.370028,-35.353768,-36.408712,-36.78025,-37.127324,-37.440923,-37.784489,-37.399731,53.97730782479462,0.0028102992539534816,1.7164402836175927,15.677194775752962,0.0028102992539534816,14.834996071593345,0.0028102992539534816,14.749219427318481,0.0028102992539534816,2.6776070632992205e+18,334.89420071361025,0.1893685,-1.3318473768642924,0.18552044,2.3503878551547284,0.22876118,5.4756103,5.072470798603227,0.20199145,2.0621220548069417,0.20979077,1.1610624,503635968.0,60.0,65.0,5.0,262144069.0,524416.0,196608.0,262144069.0,524416.0,196608.0,262144005.0,524416.0,196608.0,262144069.0,524416.0,196608.0,262144069.0,524416.0,196608.0
1.062733504550839e+17,335.04550144,0.0032599999103695154,-1.43876019,0.001449999981559813,15.687375992983146,0.0008800760140024035,15.259435645041016,0.0005593358036963948,15.158779344475873,0.00043451121872692085,15.148558119559702,0.001012686233656842,15.095414122716365,0.0017682586923330164,5812.5,0.0,-2.1,-38.292986,-38.712897,-38.793313,-38.795388,-38.858323,-38.714937,-38.469483,-38.012669,53.96049404495522,0.0004659812245903457,0.00884325286406526,14.386366995913558,0.0004659812245903457,14.133188291753946,0.0004659812245903457,14.119467647479079,0.0004659812245903457,2.6776015356763786e+18,335.0455004095451,0.03891686,-1.43876065264946,0.03728475,0.7128733027862539,0.04711937,3.2923725,-0.6991244968436073,0.04150872,-3.2172878247021877,0.04476005,1.0567565,503635968.0,60.0,91.0,5.0,262144069.0,524416.0,196608.0,262144069.0,524416.0,196608.0,262144069.0,524416.0,196608.0,262144069.0,524416.0,196608.0,262144069.0,524416.0,196608.0
1.0677334988483883e+17,334.9884949,0.005100000184029341,-1.01805114,0.0030700000934302807,17.991058702126494,0.0033070981916517696,17.683665756756415,0.00193197788472893,17.649800062007582,0.0021231060860912717,17.60703097639408,0.0057359927132934726,17.659183178242724,0.009921397804316194,6250.0,2.5,-0.3,-38.669735,-38.950633,-39.008339,-38.994961,-38.991492,-38.856165,-38.615132,-38.150633,56.64117973510546,0.002453672865298485,0.008587965925871362,16.9258246860638,0.002453672865298485,16.66822498190418,0.002453672865298485,16.66218933762932,0.002453672865298485,2.6776329404773294e+18,334.98849810754086,0.10505541,-1.0180535578608951,0.10211088,0.4225228623596359,0.116675526,13.214242,12.22081421021927,0.13954951,-5.026717934232208,0.1300726,0.9807937,503635968.0,60.0,70.0,5.0,262144069.0,524416.0,196608.0,262144069.0,524416.0,196608.0,262144069.0,524416.0,196608.0,262144069.0,524416.0,196608.0,262144069.0,524416.0,196608.0
1.0664335111417144e+17,335.11140828,0.01551000028848648,-1.13246885,0.015869999304413795,23.02658367179924,0.1882654459763509,21.910382300247832,0.04939662017953109,20.706791681537986,0.019025136129053734,20.151916530344693,0.030215095905007715,19.905618413918102,0.05004202728118504,3600.0,5.25,-3.7,-34.370028,-35.353768,-36.408712,-36.78025,-37.127324,-37.440923,-37.784489,-37.399731,57.14827491956958,0.04082304082428151,2.139663213183022,18.84816187052792,0.04082304082428151,18.005963166368304,0.04082304082428151,17.920186522093438,0.04082304082428151,-999,-999,-999,-999,-999,-999,-999,-999,-999,-999,-999,-999,-999,436527104.0,52.0,47.0,5.0,195035141.0,655360.0,196608.0,195035141.0,524288.0,196608.0,262144069.0,524416.0,196608.0,262144005.0,524416.0,196608.0,195035141.0,655360.0,196608.0
1.063233485385411e+17,334.8539118,0.013799999840557575,-1.39942986,0.010809999890625477,21.008261989409235,0.028399071915675884,20.484195939348414,0.017369350329474734,20.34840543891639,0.015696322421751972,20.29957614648191,0.039245130669488426,20.483637137305156,0.1059660344317839,6000.0,5.0,-2.5,-38.375665,-38.847971,-38.940121,-38.91511,-38.937752,-38.831995,-38.607396,-38.127873,59.32813913029222,0.023768514373911198,0.10291813484680779,19.63695408125056,0.023768514373911198,19.362920377090944,0.023768514373911198,19.37190873281608,0.023768514373911198,2.677512642738301e+18,334.85390204834187,2.4151092,-1.3994361952445669,1.3559595,nan,nan,nan,nan,nan,nan,nan,nan,436527104.0,52.0,63.0,5.0,262144005.0,655488.0,196608.0,262144069.0,524416.0,196608.0,262144069.0,524416.0,196608.0,195035141.0,655488.0,196608.0,195035141.0,524416.0,196608.0
1.0659335196811373e+17,335.19681761,0.0014900000533089042,-1.17225937,0.003019999945536256,16.410059039225086,0.0011214426412144067,15.706993325047563,0.0005977838276371996,15.447993402290223,0.0005244762332972044,15.26682103891913,0.0009619749508850561,15.192187344566396,0.001668386910156678,4700.0,4.5,-2.0,-36.828734,-37.451688,-37.722042,-37.850461,-37.932521,-38.059212,-38.182383,-37.749476,53.16190003000968,0.00047324264852291595,0.1335954209119082,14.24349798096802,0.00047324264852291595,13.621694276808405,0.00047324264852291595,13.584066632533544,0.00047324264852291595,2.6776165508821064e+18,335.19681525507866,0.03793919,-1.1722618210857727,0.0404812,1.3510069858745402,0.04192522,7.667117,-4.148162794321286,0.046245314,-6.448056330404726,0.046080142,1.0031227,503635968.0,60.0,93.0,10.0,262144069.0,524416.0,0.0,262144069.0,524416.0,0.0,262144069.0,524416.0,0.0,262144069.0,524416.0,0.0,262144069.0,524416.0,0.0
1.0654335126308568e+17,335.12632662,0.007890000008046627,-1.21232059,0.008750000037252903,21.48260678420393,0.0396411210040347,20.330863292531653,0.013115305985933735,19.37438832325617,0.006489631925381866,18.809387131654194,0.010863463922837496,18.62318233818696,0.017376190970711466,3600.0,5.25,-3.8,-34.710644,-35.721542,-36.595287,-36.865073,-37.264321,-37.534743,-37.866763,-37.442545,55.955458973966586,0.009392533011156369,1.4848542679450072,17.561525924924926,0.009392533011156369,16.73087322076531,0.009392533011156369,16.684556576490444,0.009392533011156369,2.677614759881011e+18,335.12632994691774,0.6898256,-1.2123212506363774,0.6792425,0.7877235649957894,0.85362864,16.966589,16.94986261161771,0.9786638,-0.7531976742613721,0.8539141,1.1371998,436527232.0,52.0,93.0,10.0,195035141.0,655488.0,196608.0,262144069.0,524416.0,196608.0,262144069.0,524416.0,196608.0,262144069.0,524416.0,196608.0,262144069.0,524416.0,196608.0
1.0666335043625078e+17,335.04362901,0.0027099999133497477,-1.11642906,0.0015999999595806003,17.0266660182802,0.0020641266597386815,16.57703212143035,0.0010759280615466904,16.499977398319103,0.0010792918234253702,16.412857236708597,0.001956924105600818,16.390314693408133,0.0030642951723435386,5687.5,0.0,-0.4,-38.161377,-38.570227,-38.673884,-38.709653,-38.746937,-38.64632,-38.449731,-37.991827,55.15378509362928,0.0008900015226843138,0.0197893276674219,15.648275044587617,0.0008900015226843138,15.346231340428005,0.0008900015226843138,15.333600696153143,0.0008900015226843138,2.677628370632117e+18,335.0436336536565,0.063921176,-1.1164357686213688,0.06840759,0.5266808814694232,0.07402313,19.943575,9.930499806504388,0.07576476,-17.295415015589786,0.07860509,1.0318717,503635968.0,60.0,72.0,5.0,262144069.0,524416.0,196608.0,262144069.0,524416.0,196608.0,262144069.0,524416.0,196608.0,262144069.0,524416.0,196608.0,262144069.0,524416.0,196608.0
1.065233515167592e+17,335.15168485,0.009700000286102295,-1.22604709,0.01221999991685152,17.961252796573227,0.002685464542847637,17.2023585637323,0.0012841024316595474,16.91577306525173,0.0013693975916646128,16.81563260726088,0.002310467070297555,16.71520125789967,0.004014983035895902,4937.5,0.75,-0.5,-37.106466,-37.83439,-38.066071,-38.150925,-38.257976,-38.307009,-38.272728,-37.826556,55.00520925814356,0.0011347992860661117,0.11115415795034551,15.839010209101897,0.0011347992860661117,15.374658504942282,0.0011347992860661117,15.350295860667424,0.0011347992860661117,2.677614519362523e+18,335.1516858748005,0.09036644,-1.226043841572154,0.1000558,0.6118375648668719,0.10408334,2.7608197,-2.760249935915224,0.10881294,0.056080049281350824,0.10963455,1.0026417,503635968.0,60.0,90.0,5.0,262144069.0,524416.0,196608.0,262144069.0,524416.0,196608.0,262144069.0,524416.0,196608.0,262144069.0,524416.0,196608.0,262144069.0,524416.0,196608.0
1.0647335195195928e+17,335.19522106,0.005109999794512987,-1.26764738,0.0021100000012665987,19.495449253655305,0.009025237711204552,18.813831704453023,0.004174109392026131,18.514512087160522,0.003340342510271005,18.36412334160373,0.00840066420455315,18.174390214569424,0.015150253487353585,4700.0,4.0,-1.6,-36.731819,-37.36648,-37.651371,-37.783224,-37.868712,-37.982182,-38.075466,-37.651744,56.15278252028841,0.004050369528104828,0.22303998627575689,17.31141047124675,0.004050369528104828,16.719493767087137,0.004050369528104828,16.67268112281227,0.004050369528104828,2.6776111521081375e+18,335.1952203144511,0.2499734,-1.2676476053410481,0.23908605,0.4131536705430328,0.2931105,2.306536,-1.886309422880614,0.28386277,-1.3273828843825903,0.2786979,1.0435861,436527104.0,52.0,82.0,10.0,262144069.0,524416.0,0.0,262144069.0,524416.0,0.0,262144069.0,524416.0,0.0,262144069.0,524416.0,0.0,262144069.0,524416.0,0.0
1.0626334861864275e+17,334.86187699,0.010350000113248825,-1.44811759,0.0035200000274926424,18.142442210820764,0.0030668367731935104,17.836267617762545,0.0023705251412244888,17.749750339696252,0.002096170299302573,17.751338863538457,0.005059125846984007,17.775591661121794,0.008035491520047396,6250.0,5.0,0.0,-38.601617,-38.895281,-38.972026,-38.957731,-38.947667,-38.83684,-38.635959,-38.157331,56.72594253858796,0.002093634977417438,0.004614137498891328,17.029912489546295,0.002093634977417438,16.732160785386682,0.002093634977417438,16.74025414111182,0.002093634977417438,2.677511337068225e+18,334.8618733328467,0.13491574,-1.448121414382017,0.11907608,0.21356065339176547,0.15525943,6.2415347,-0.6365553540589534,0.1395277,-6.208989868565241,0.14262117,0.9940299,436527104.0,52.0,82.0,5.0,262144069.0,524416.0,196608.0,262144069.0,524416.0,196608.0,262144069.0,524416.0,196608.0,262144069.0,524416.0,196608.0,262144069.0,524416.0,196608.0
1.0649334922348272e+17,334.92234498,0.009879999794065952,-1.25643028,0.009329999797046185,21.826644506157393,0.061585001662260316,20.595240014452223,0.016485047699309023,19.881533690245234,0.010400212467735988,19.558362173870133,0.019078245057542825,19.307354920995696,0.03363708690981315,3600.0,5.25,-3.9,-35.051259,-36.089317,-36.781863,-36.949897,-37.401318,-37.628562,-37.949038,-37.48536,56.68855786114414,0.015057312770899237,0.6556291064308465,18.200805812102477,0.015057312770899237,17.381697107942863,0.015057312770899237,17.374840463668,0.015057312770899237,2.6776194671651533e+18,334.92234690359714,1.0302575,-1.2564314882771659,0.86826426,1.3999812026360643,1.1362563,6.9628053,-4.264756007310213,1.463655,-5.503863221937251,1.0737902,0.9441088,436527104.0,52.0,83.0,5.0,195035141.0,655360.0,196608.0,262144005.0,524416.0,196608.0,262144069.0,524416.0,196608.0,262144069.0,524416.0,196608.0,262144005.0,524416.0,196608.0
1.0642335097967552e+17,335.09797446,0.002360000042244792,-1.31244806,0.002749999985098839,15.195238948252108,0.0006953101377910666,14.509879802716382,0.00042110003370142093,14.340891149462095,0.00035096240053009403,14.192405527130218,0.0006222937906423736,14.164269332046128,0.000786091732161551,5125.0,2.5,-0.6,-37.39859,-38.016437,-38.216143,-38.286231,-38.358638,-38.388918,-38.343716,-37.889916,52.53574475192139,0.00026751791012409007,0.06435889088706638,13.287636702879734,0.00026751791012409007,12.834205998720115,0.00026751791012409007,12.817471354445255,0.00026751791012409007,2.6776052121684444e+18,335.09797432587527,0.024624303,-1.312453279537433,0.024977256,1.760602970282584,0.02982887,13.565504,3.3425069101047193,0.029572966,-13.147264034812203,0.030426882,1.090107,503635968.0,60.0,90.0,5.0,262144069.0,524416.0,196608.0,262144069.0,524416.0,196608.0,263192581.0,524416.0,196608.0,262144069.0,524416.0,196608.0,262144069.0,524416.0,196608.0
1.0634334994908917e+17,334.99489797,0.001829999964684248,-1.37607784,0.001449999981559813,17.49904008225194,0.0026695734530037866,17.07877283419845,0.0016137457571185798,16.901345599995704,0.0012033497153842272,16.90866750989882,0.0032927333246534412,16.760625117365265,0.00533774112524504,5562.5,0.0,-0.2,-38.008435,-38.456214,-38.584496,-38.616839,-38.667862,-38.595202,-38.427428,-37.970863,55.49645942874204,0.0014214418228620062,0.07098236464184368,16.04206737970038,0.0014214418228620062,15.711208675540767,0.0014214418228620062,15.697239031265903,0.0014214418228620062,2.6776060325070377e+18,334.9948947344809,0.096858725,-1.376080973841978,0.08785642,0.18156723866928448,0.11644442,11.874231,-7.9716896150614875,0.10100077,-8.800541307039948,0.11257327,1.0437787,503635968.0,60.0,73.0,5.0,262144069.0,524416.0,196608.0,262144069.0,524416.0,196608.0,262144069.0,524416.0,196608.0,262144069.0,524416.0,196608.0,262144069.0,524416.0,196608.0
1.0641335127246582e+17,335.12729224,0.0022100000642240047,-1.32053914,0.001449999981559813,15.135446687489354,0.0007021588212261856,14.693775384556071,0.0004495005356359938,14.536347169970865,0.00034830007086227325,14.469668536802025,0.0006114681812053164,14.4358258179271,0.0009332892176010917,5500.0,0.0,0.2,-37.940638,-38.35489,-38.502015,-38.554572,-38.590867,-38.544273,-38.413695,-37.956119,53.04280911934908,0.0002871454531377749,0.03581593116688823,13.639346070307422,0.0002871454531377749,13.271291366147807,0.0002871454531377749,13.258332721872941,0.0002871454531377749,2.67760504036975e+18,335.12730583920927,0.025535699,-1.3205470852098289,0.02583696,0.8446118774755127,0.0288488,37.173508,32.5077147388378,0.030114044,-18.03103303850883,0.029930435,0.93002117,503635968.0,60.0,91.0,5.0,262144069.0,524416.0,196608.0,262144069.0,524416.0,196608.0,262144069.0,524416.0,196608.0,262144069.0,524416.0,196608.0,262144069.0,524416.0,196608.0
1.0653335155138704e+17,335.15517921,0.004579999949783087,-1.21949986,0.00571999978274107,19.72635052633556,0.009473714831676382,19.46959095695594,0.006062043886958953,19.422564752388926,0.007250048507497646,19.39402622219943,0.017760311963511792,19.440575600187838,0.04055609256734531,6312.5,2.5,0.1,-38.712129,-38.953845,-39.008584,-38.99947,-38.993456,-38.854267,-38.618702,-38.148287,58.42411841161354,0.00925048793855276,0.005372340468085482,18.71066136257188,0.00925048793855276,18.447593658412266,0.00925048793855276,18.4474740141374,0.00925048793855276,2.6776145193625277e+18,335.15518068083475,0.3807553,-1.2194976272627365,0.38535154,-0.9515031637489533,0.42865002,5.29544,4.963909970695443,0.458174,-1.8442571014175544,0.45446455,1.0438002,436527104.0,52.0,80.0,5.0,262144005.0,524416.0,196608.0,262144069.0,524416.0,196608.0,262144069.0,524416.0,196608.0,262144069.0,524416.0,196608.0,195035205.0,524416.0,196608.0
1.0654334849222395e+17,334.84921881,0.013539999723434448,-1.21368093,0.013460000045597553,21.871139850243143,0.05994903110199278,20.9702358757271,0.023653034168262463,20.584902565522587,0.019437114169769773,20.38096739225895,0.04240811117390197,20.56784220444886,0.09461502899257578,4900.0,4.25,-4.0,-36.669702,-37.483897,-37.753807,-37.87661,-37.920694,-38.01641,-38.014488,-37.595893,58.41595957764013,0.024723758102105222,0.280262862828016,19.54035952859847,0.024723758102105222,19.043648824438854,0.024723758102105222,18.991709180163994,0.024723758102105222,-999,-999,-999,-999,-999,-999,-999,-999,-999,-999,-999,-999,-999,436527104.0,52.0,57.0,10.0,195035141.0,655360.0,196608.0,262144005.0,524416.0,196608.0,262144069.0,524416.0,196608.0,195035141.0,524416.0,196608.0,195035141.0,655360.0,196608.0
1.0631335069219382e+17,335.06918602,0.011900000274181366,-1.40546283,0.01193000003695488,20.27314156487552,0.014730722101007517,19.9497131588787,0.009675067356371586,19.807019891114663,0.010030678442531691,19.82864858477247,0.026367206031041965,19.822303632272988,0.05328807111428158,6062.5,4.75,0.2,-38.40343,-38.713881,-38.81906,-38.827321,-38.82353,-38.735609,-38.565904,-38.096068,58.653609766382864,0.012563540406985691,0.016922607811369426,19.058810717341206,0.012563540406985691,18.729883013181585,0.012563540406985691,18.729184368906722,0.012563540406985691,2.6776021154968397e+18,335.0691868587897,0.6839604,-1.405464676487835,0.58518517,0.05013297227190272,0.8781383,4.066487,1.350908943255629,0.7144733,-3.8355392576242235,0.78811735,0.99678135,436527104.0,52.0,70.0,5.0,262144005.0,524416.0,196608.0,262144069.0,524416.0,196608.0,262144069.0,524416.0,196608.0,262144069.0,524416.0,196608.0,195035141.0,524416.0,196608.0
1.066333478696567e+17,334.78697322,0.0036200000904500484,-1.13644738,0.002689999993890524,18.363837893723307,0.003975413082928413,18.005322449313145,0.002565831972276211,17.842473003985262,0.0027840730782331792,17.76715792051291,0.004635224063812053,17.83601348263821,0.008673452619054398,5875.0,4.5,1.0,-38.187175,-38.518134,-38.653615,-38.686158,-38.689454,-38.627353,-38.489046,-38.027716,56.50986815003456,0.0022525767312261743,0.03773102598483916,17.023325100992903,0.0022525767312261743,16.662999396833285,0.0022525767312261743,16.653794752558426,0.0022525767312261743,2.6776251708814746e+18,334.78697707145744,0.13548017,-1.1364498632770412,0.12554641,0.24661221643553927,0.16221169,7.1254773,2.2348350475295837,0.17212616,-6.765939737167548,0.1565926,0.9791343,503635968.0,60.0,82.0,10.0,262144069.0,524416.0,196608.0,262144069.0,524416.0,196608.0,262144069.0,524416.0,196608.0,262144069.0,524416.0,196608.0,262144069.0,524416.0,196608.0
1.062533496159454e+17,334.96159304,0.002730000065639615,-1.4542096,0.00279000005684793,19.286279268450397,0.007271203050745679,18.2278235141952,0.0028726966407481886,17.75333972634858,0.002519182065754577,17.53710237901126,0.00502111667000292,17.40478478581044,0.008594448757443866,3800.0,5.25,-3.8,-35.867083,-36.863333,-37.336236,-37.374505,-37.714677,-37.807618,-38.129643,-37.640044,55.07303273476319,0.002581048005237162,0.3194691542238749,16.40622468572153,0.002581048005237162,15.585566981561911,0.002581048005237162,15.604631337287048,0.002581048005237162,2.6775083864256717e+18,334.961584562132,0.19736277,-1.4542179200410013,0.19117527,0.8555691559788141,0.23527746,13.571318,-8.428092977727731,0.20648403,-10.637101194330095,0.23642391,1.1957083,503635968.0,60.0,71.0,5.0,262144069.0,524416.0,196608.0,262144069.0,524416.0,196608.0,262144069.0,524416.0,196608.0,262144069.0,524416.0,196608.0,262144069.0,524416.0,196608.0
1.0647335139287216e+17,335.13930161,0.005909999832510948,-1.27353056,0.0061599998734891415,21.189989569702266,0.03179017525390983,20.049578372093993,0.01061754301877111,19.52876140215225,0.007813629312777595,19.324621312332138,0.01407536753339967,19.267206619002128,0.030421113138512805,4300.0,4.25,-3.0,-35.881671,-36.889184,-37.33425,-37.508163,-37.632456,-37.842852,-38.055311,-37.660155,56.92117625505655,0.00960824721008724,0.3522822933941418,18.21913420601489,0.00960824721008724,17.50804250185527,0.00960824721008724,17.43266385758041,0.00960824721008724,2.677611323907154e+18,335.1392986131789,0.70333487,-1.2735346133067686,0.85169536,0.419147702673363,0.68285555,11.151008,0.017909350349336495,0.8191718,-11.15099362499857,0.9405732,0.91197,436527104.0,52.0,89.0,5.0,262144069.0,524416.0,196608.0,262144069.0,524416.0,196608.0,262144069.0,524416.0,196608.0,262144069.0,524416.0,196608.0,262144069.0,524416.0,196608.0
1.0633334944869758e+17,334.94484179,0.007019999902695417,-1.38572397,0.007110000122338533,22.64664088900753,0.10838700837890763,21.325121505151145,0.0327180677395892,19.75284075002266,0.009077012822147767,18.990700891260513,0.011906332526105583,18.587316551734453,0.019637117647681484,3300.0,5.25,-3.9,-33.035076,-34.214688,-35.464228,-36.030176,-36.589533,-37.154195,-37.47454,-37.122412,55.327264317435265,0.023175836422831657,3.8614275863672467,17.313879268393602,0.023175836422831657,16.49490156423399,0.023175836422831657,16.37649491995913,0.023175836422831657,2.6776057919892173e+18,334.94483356354147,1.5969362,-1.3857306089675785,1.3290858,-1.2689450421181563,1.8476049,10.521044,-5.846468936824948,1.2002293,-8.747065598456974,1.5408541,1.0438007,436527104.0,52.0,59.0,5.0,195035141.0,655360.0,196608.0,262144005.0,524416.0,196608.0,262144069.0,524416.0,196608.0,262144005.0,524416.0,196608.0,262144069.0,524416.0,196608.0
1.0632335005773182e+17,335.00577456,0.0036299999337643385,-1.39884777,0.002240000059828162,21.000944390386447,0.028280442576437484,19.758258002380195,0.008821748906417645,18.4915723505546,0.0039043534269503606,17.925244144603656,0.005330981512879783,17.698050990144406,0.009220379572909958,3600.0,5.25,-3.7,-34.370028,-35.353768,-36.408712,-36.78025,-37.127324,-37.440923,-37.784489,-37.399731,54.98283037561387,0.006344400444892486,2.2996139261866424,16.682717326572213,0.006344400444892486,15.840518622412596,0.006344400444892486,15.754741978137732,0.006344400444892486,2.677602630892919e+18,335.00577985651864,0.38240445,-1.3988470385901561,0.35339862,1.2715335097945215,0.47024608,12.665667,12.656232585768677,0.37111986,-0.4887722488351139,0.43997797,1.049779,503635968.0,60.0,75.0,5.0,262144005.0,655488.0,196608.0,262144069.0,524416.0,196608.0,262144069.0,524416.0,196608.0,262144069.0,524416.0,196608.0,262144069.0,524416.0,196608.0
1.0661335168406504e+17,335.16844375,0.0040699997916817665,-1.15447065,0.0033199999015778303,21.274480607224547,0.03888317697965849,20.001510828402488,0.009974417659078182,18.889654185878936,0.0045459185841079585,18.353326700743526,0.006807742698419615,18.066829034324524,0.01135729321741062,3400.0,5.25,-4.0,-33.977897,-35.132432,-36.04554,-36.402014,-36.961987,-37.389647,-37.68894,-37.271563,55.02113427131481,0.008502680295804706,1.7995451428192835,16.77229722227315,0.008502680295804706,15.974371518113529,0.008502680295804706,15.921213873838669,0.008502680295804706,2.677616099910827e+18,335.168448202426,0.37930128,-1.154471238900951,0.39057833,0.7765054873124169,0.39995176,14.803928,14.72348777069973,0.5080038,-1.5411691077181306,0.43160364,1.0062213,436527104.0,52.0,81.0,5.0,262144069.0,655488.0,196608.0,262144069.0,524416.0,196608.0,262144069.0,524416.0,196608.0,262144069.0,524416.0,196608.0,262144069.0,524416.0,196608.0
1.0648335238724176e+17,335.23875204,0.00558000011369586,-1.26560751,0.0027000000700354576,18.324863432415178,0.0036146591580807734,17.172383589809822,0.0015058930994628936,16.45825802742788,0.001060063375132655,16.19375158887997,0.0016205021367995795,16.067940725118145,0.0029003518522073613,3800.0,5.25,-3.7,-35.397698,-36.404124,-37.058686,-37.228045,-37.514694,-37.683869,-38.007623,-37.567673,53.5640888727302,0.001048718785135071,0.609451671116049,15.02102982368854,0.001048718785135071,14.198643119528924,0.001048718785135071,14.168058475254066,0.001048718785135071,2.6776108085107553e+18,335.2387528335999,0.19675396,-1.2656091489551,0.18382943,0.7923726148885406,0.22632809,4.8481717,-0.9617094602957759,0.24041034,-4.7518293598364085,0.22494255,2.3996968,503635968.0,60.0,86.0,5.0,262144069.0,524416.0,196608.0,262144069.0,524416.0,196608.0,262144069.0,524416.0,196608.0,262144069.0,524416.0,196608.0,262144069.0,524416.0,196608.0
1.06363350552365e+17,335.0552377,0.007530000060796738,-1.36287853,0.007540000136941671,22.901062082103913,0.16995904745002885,21.549186373740348,0.038643550711481595,19.722212705028852,0.010427131250341124,18.96194122252838,0.015044206468943389,18.6256645897522,0.01847908584294904,3300.0,3.25,-3.0,-32.988236,-33.920833,-35.540898,-36.174296,-36.544363,-37.017404,-37.299103,-37.019689,55.38573859463074,0.03524538644968735,4.719607251293461,17.509144545589077,0.03524538644968735,16.72881284142946,0.03524538644968735,16.5376921971546,0.03524538644968735,2.677603180649308e+18,335.0552393895815,1.4931437,-1.3628805841618368,1.1392983,6.154475728530772,1.8085945,11.305588,6.511459793146641,1.4592911,-9.242142870853936,1.6509202,1.0694398,503635968.0,60.0,52.0,5.0,186646529.0,655360.0,196608.0,262144069.0,655488.0,196608.0,262144069.0,524416.0,196608.0,262144069.0,524416.0,196608.0,262144069.0,524416.0,196608.0
1.0662334866786093e+17,334.86678138,0.020390000194311142,-1.14965186,0.04487999901175499,19.114183050779722,0.006696237301072614,18.742801816800796,0.004785894445469188,18.60286418822259,0.003856113455498554,18.52415643920112,0.007378761969336545,18.52781094335032,0.016008242909177232,5687.5,0.75,0.8,-38.124262,-38.457914,-38.590904,-38.635991,-38.653595,-38.591199,-38.444132,-37.987916,57.19489648767092,0.0039664793449933735,0.030172510226345657,17.744507438629253,0.0039664793449933735,17.392941734469638,0.0039664793449933735,17.37862309019478,0.0039664793449933735,2.677625686277541e+18,334.86678484670125,0.24382184,-1.1496528835497286,0.19613585,-0.1036285561145574,0.2750114,18.214352,-5.149713826801313,0.26083946,-17.471205561631272,0.24611196,0.96213824,436527232.0,52.0,86.0,5.0,262144069.0,524416.0,196608.0,262144069.0,524416.0,196608.0,262144069.0,524416.0,196608.0,262144069.0,524416.0,196608.0,262144069.0,524416.0,196608.0
1.0661334989725898e+17,334.98973487,0.01730000041425228,-1.1512608,0.012889999896287918,19.683606755907785,0.012158281948975207,19.21646830058136,0.005603086699218597,18.9363889971011,0.00582425950749785,18.861589040338508,0.010162542708261668,18.783552006078388,0.019288195383662606,5250.0,2.5,1.0,-37.56613,-38.030579,-38.242696,-38.323131,-38.358912,-38.368582,-38.323737,-37.880866,57.200610620001434,0.005247674360232356,0.12312629253301748,17.97283857095977,0.005247674360232356,17.519050866800157,0.005247674360232356,17.491387222525297,0.005247674360232356,2.6776285724955633e+18,334.9897336537144,0.29950166,-1.1512642656930259,0.27625147,0.6849115322565533,0.34889317,9.417573,5.846305308446439,0.36214456,-7.3831829341523445,0.35279107,1.0421867,436527104.0,52.0,69.0,5.0,262144005.0,524416.0,196608.0,262144069.0,524416.0,196608.0,262144069.0,524416.0,196608.0,262144069.0,524416.0,196608.0,262144069.0,524416.0,196608.0
1.066133521707356e+17,335.21706957,0.0025100000202655792,-1.15402986,0.004689999856054783,20.16178355673632,0.016697038804660686,18.908450460862515,0.004308347051663772,18.060281634766394,0.0024687245528689124,17.626786138392564,0.0043672453499723545,17.441580626582954,0.007137517745779412,3700.0,5.25,-3.7,-34.932512,-35.916079,-36.765533,-37.017915,-37.335581,-37.564293,-37.896877,-37.481317,54.83330048346815,0.003865046191693101,1.0250685906162569,16.40981743442649,0.003865046191693101,15.57860073026687,0.003865046191693101,15.523626085992015,0.003865046191693101,2.6776168901845166e+18,335.2170669152635,0.19001779,-1.154033783150917,0.18769212,0.559349579304592,0.21335386,15.76634,-9.141158610149,0.23174177,-12.845882557967473,0.21554919,0.9673245,503635968.0,60.0,88.0,5.0,262144069.0,524416.0,196608.0,262144069.0,524416.0,196608.0,262144069.0,524416.0,196608.0,262144069.0,524416.0,196608.0,262144069.0,524416.0,196608.0
1.0668334961870643e+17,334.96187734,0.015799999237060547,-1.09506511,0.02321000024676323,19.623809272265866,0.010006918924916107,18.91004022679982,0.004309919347742329,18.58796311427171,0.0036960764883371506,18.378831212066395,0.00778971410776726,18.313000832141253,0.013349286269831083,4600.0,3.5,-1.6,-36.647834,-37.308173,-37.603842,-37.752288,-37.84345,-37.981122,-38.115592,-37.696555,56.19384633150901,0.003853610786554218,0.1928046773621557,17.353534282467347,0.003853610786554218,16.720431578307732,0.003853610786554218,16.66893393403287,0.003853610786554218,2.677631905390219e+18,334.96187416945776,0.28206596,-1.0950676516438727,0.2631613,0.4422095117399231,0.3303431,4.518106,-0.02798779813012338,0.34672666,-4.518019127243523,0.33843097,1.1131335,436527104.0,52.0,81.0,5.0,262144069.0,524416.0,196608.0,262144069.0,524416.0,196608.0,262144069.0,524416.0,196608.0,262144069.0,524416.0,196608.0,262144069.0,524416.0,196608.0
1.062433496991847e+17,334.9699392,0.01348000019788742,-1.46308655,0.014159999787807465,22.396157425633888,0.1182862058573473,21.112061344351424,0.03112912899304903,20.39019020506,0.017317001290711818,20.29187241283509,0.04687908238459273,20.23286421927835,0.13584001481061955,3900.0,5.25,-3.6,-35.248419,-36.397096,-36.956613,-37.155541,-37.339554,-37.557047,-37.86824,-37.466189,57.50407372143175,0.037900229915221316,0.6111991887084959,19.087836672390093,0.037900229915221316,18.278010968230475,0.037900229915221316,18.209527323955612,0.037900229915221316,-999,-999,-999,-999,-999,-999,-999,-999,-999,-999,-999,-999,-999,436527104.0,52.0,47.0,5.0,195035141.0,655360.0,196608.0,262144069.0,524416.0,196608.0,262144069.0,524416.0,196608.0,195035205.0,524416.0,196608.0,35653633.0,0.0,196608.0
1.064633494553745e+17,334.94556492,0.00877000018954277,-1.27998535,0.008750000037252903,22.22240998649686,0.0831910152326012,21.055471587230834,0.027203001002850342,19.958837897008614,0.012089075108325749,19.48350858249049,0.01492529112081654,19.267108648090446,0.034848077165884894,3600.0,5.25,-3.8,-34.710644,-35.721542,-36.595287,-36.865073,-37.264321,-37.534743,-37.866763,-37.442545,56.628840740263456,0.019229193236500897,1.6741170224405397,18.234907691221796,0.019229193236500897,17.40425498706218,0.019229193236500897,17.357938342787314,0.019229193236500897,2.677607647416835e+18,334.94555962422544,6.6730328,-1.279980222894832,3.7022414,nan,nan,nan,nan,nan,nan,nan,nan,436527104.0,52.0,64.0,5.0,195035141.0,655360.0,196608.0,262144005.0,524416.0,196608.0,262144069.0,524416.0,196608.0,262144005.0,524416.0,196608.0,262144005.0,524416.0,196608.0
1.0652335061908096e+17,335.06187909,0.03587000072002411,-1.23299196,0.03838000074028969,23.158744968135178,0.18455590668425648,22.064857890541546,0.05863952129463044,21.457199976089502,0.04378205844133668,21.152027350694308,0.08261803295392205,21.137513756873105,0.15534601506086226,4200.0,4.0,-3.0,-35.714514,-36.713236,-37.207432,-37.411014,-37.542407,-37.775126,-38.022146,-37.629252,58.71178938846672,0.05305637324790944,0.546077974663491,20.077473339425058,0.05305637324790944,19.331820635265444,0.05305637324790944,19.25417999099058,0.05305637324790944,-999,-999,-999,-999,-999,-999,-999,-999,-999,-999,-999,-999,-999,436527104.0,52.0,19.0,5.0,35651585.0,0.0,196608.0,35651585.0,0.0,196608.0,35651585.0,128.0,196608.0,35651585.0,0.0,196608.0,35651585.0,0.0,196608.0
1.0648334890295528e+17,334.89033067,0.01565999910235405,-1.26262656,0.008299999870359898,20.574138435101737,0.02137836721772171,19.862302223551488,0.009294916755105508,19.658248800815773,0.009091669424919856,19.437914983353117,0.015691339975396873,19.39768011491598,0.03526610311636674,4800.0,5.0,-2.0,-36.909646,-37.521163,-37.777919,-37.898939,-37.975864,-38.08002,-38.176429,-37.733965,57.40276311154762,0.00920001020553743,0.12164620960676106,18.463553062505962,0.00920001020553743,17.868511358346346,0.00920001020553743,17.840440714071484,0.00920001020553743,2.677619608898261e+18,334.8903330145513,0.57219905,-1.2626258100998418,0.4564691,-1.002472224633443,0.6416681,2.0989928,0.609936702731679,0.6330215,-2.0084192018648497,0.58473504,0.94179094,436527232.0,52.0,85.0,5.0,262144005.0,524416.0,196608.0,262144069.0,524416.0,196608.0,262144069.0,524416.0,196608.0,262144005.0,524416.0,196608.0,262144005.0,524416.0,196608.0
1.0632335022796213e+17,335.02278409,0.0018100000452250242,-1.3985939,0.004120000172406435,18.01350080236076,0.0036393787587182085,17.383487103579387,0.0016929742083235954,17.105343010963754,0.0015216793530342984,16.99191281335193,0.00266513314176313,16.922077607196133,0.005421725601288779,4900.0,5.0,-2.0,-37.133188,-37.691784,-37.934121,-38.034155,-38.104453,-38.186576,-38.247609,-37.807096,55.062804467490395,0.001482225227580525,0.11087701975594232,16.01703841844873,0.001482225227580525,15.457372714289122,0.001482225227580525,15.427351070014256,0.001482225227580525,2.677602802691612e+18,335.0227824463144,0.1151274,-1.3985978479272951,0.10318176,0.6500525277703122,0.13769387,12.768679,-6.057438635145833,0.11937621,-11.24039991820804,0.13201211,0.9620966,503635968.0,60.0,84.0,5.0,262144069.0,524416.0,196608.0,262144069.0,524416.0,196608.0,262144069.0,524416.0,196608.0,262144069.0,524416.0,196608.0,262144069.0,524416.0,196608.0
1.0664334929020754e+17,334.92903837,0.008430000394582748,-1.1274597,0.014820000156760216,16.64578054136656,0.0019352015476008818,15.945937840754823,0.0009067247347423845,15.76251814564085,0.0007204637669385381,15.57790965888867,0.0012904375052464388,15.47197439327427,0.0015495617675402892,4800.0,4.75,-2.0,-36.9409,-37.543999,-37.800271,-37.920648,-37.995828,-38.099524,-38.195598,-37.757232,53.52115331598503,0.0006050650689065104,0.12237489709359212,14.562439266943368,0.0006050650689065104,13.967732562783759,0.0006050650689065104,13.935563918508892,0.0006050650689065104,2.677625965450439e+18,334.9290452670841,0.04996011,-1.127457804960272,0.048031833,1.1918892972368738,0.056825694,13.788311,13.778982912824619,0.0596223,-0.5071020585483222,0.059791997,1.075141,503635968.0,60.0,69.0,5.0,262144069.0,524416.0,196608.0,262144069.0,524416.0,196608.0,262144069.0,524416.0,196608.0,262144069.0,524416.0,196608.0,262144069.0,524416.0,196608.0
1.0637334805074976e+17,334.8050862,0.015569999814033508,-1.35053184,0.022299999371170998,20.27869104055684,0.016471574650688298,19.925916809503654,0.01091189281309985,19.709519212074245,0.010541624432078437,19.77886450130201,0.024112223874722824,19.476020977305627,0.03729209846589711,5500.0,0.0,0.2,-37.940638,-38.35489,-38.502015,-38.554572,-38.590867,-38.544273,-38.413695,-37.956119,58.22239890814848,0.009947075892099526,0.25544363908599255,18.81893585910682,0.009947075892099526,18.450881154947204,0.009947075892099526,18.437922510672337,0.009947075892099526,2.6775249435246505e+18,334.80509074057323,0.6476923,-1.3505291547903178,0.4283299,0.34783890351457303,0.74718267,1.1926856,-1.0450424006838668,0.51453954,-0.5747914343186921,0.57570875,0.99361914,436527256.0,52.0,66.0,10.0,262144069.0,524416.0,0.0,262144069.0,524416.0,0.0,262144005.0,524416.0,0.0,262144069.0,524416.0,0.0,195035141.0,524416.0,0.0
1.0631335119649422e+17,335.11961897,0.01027000043541193,-1.40518554,0.010820000432431698,21.516177836364164,0.04207300825363697,20.700617339168893,0.01755218815103743,20.289447008193836,0.015067248860438628,20.139858479407792,0.035048142718592565,19.928431624773726,0.05552605822930338,4400.0,3.25,-1.6,-36.282604,-37.03696,-37.381251,-37.552654,-37.661646,-37.844931,-38.045228,-37.643592,57.69792945758168,0.01626868743461406,0.31599788267563556,18.993808408540016,0.01626868743461406,18.2948787043804,0.01626868743461406,18.22598006010554,0.01626868743461406,2.6776033524477824e+18,335.11962558629875,7.012561,-1.405191973367333,5.676005,nan,nan,nan,nan,nan,nan,nan,nan,436527104.0,52.0,69.0,5.0,195035141.0,524416.0,196608.0,262144069.0,524416.0,196608.0,262144069.0,524416.0,196608.0,262144005.0,524416.0,196608.0,195035141.0,524416.0,196608.0
1.0629335136729744e+17,335.13672446,0.006380000151693821,-1.4191636,0.006539999973028898,21.59081041056368,0.04401306729511657,20.398948022118837,0.015007209236861305,19.540333473354714,0.008591425894091342,19.07687870029061,0.014409344830237814,19.062272795564663,0.03183710336442514,3700.0,5.25,-3.7,-34.932512,-35.916079,-36.765533,-37.017915,-37.335581,-37.564293,-37.896877,-37.481317,56.327372680378495,0.011759947941671938,1.105136961743398,17.903889631336835,0.011759947941671938,17.072672927177216,0.011759947941671938,17.01769828290236,0.011759947941671938,2.6775563483256873e+18,335.13673355078316,0.80500084,-1.4191604691553767,0.66123545,0.34213875136961636,0.91274345,10.161533,9.271838866712843,0.8112422,-4.158096745054109,0.82591116,1.082962,436527232.0,52.0,83.0,5.0,195035141.0,655488.0,196608.0,262144069.0,524416.0,196608.0,262144069.0,524416.0,196608.0,262144069.0,524416.0,196608.0,262144069.0,524416.0,196608.0
1.0676335117433496e+17,335.11744521,0.021870000287890434,-1.02956178,0.02735999971628189,21.63664324337277,0.06202026442693287,21.18441280599242,0.03332700675877252,21.17032040657754,0.0345760487224705,21.286149071585225,0.08671705481964614,21.062503709098696,0.19392400971376958,5937.5,0.0,-2.5,-38.438775,-38.855204,-38.918326,-38.89633,-38.96502,-38.781749,-38.495239,-38.03882,60.08273684732533,0.04528976699626719,0.06329045378988288,20.44179779828367,0.04528976699626719,20.229675094124055,0.04528976699626719,20.215559449849188,0.04528976699626719,-999,-999,-999,-999,-999,-999,-999,-999,-999,-999,-999,-999,-999,436527104.0,52.0,37.0,5.0,195035141.0,524288.0,196608.0,262144069.0,655488.0,196608.0,262144069.0,524416.0,196608.0,195035141.0,655360.0,196608.0,195035141.0,655360.0,196608.0
1.0645335234647091e+17,335.23467519,0.008430000394582748,-1.29129185,0.005280000157654285,19.396953047409042,0.008827461238154033,18.42816008642911,0.003610567263046169,17.84565577703896,0.0030335670651666044,17.63490624204024,0.004170337411581962,17.560988310936768,0.007295524964331034,4125.0,3.0,1.0,-35.779048,-36.679907,-37.117871,-37.331232,-37.45793,-37.659507,-37.843792,-37.496308,55.04653029277083,0.002613650287567743,0.4696244086599229,16.527833243729173,0.002613650287567743,15.844915539569556,0.002613650287567743,15.721864895294695,0.002613650287567743,2.6776101213159726e+18,335.23467405870275,0.17096716,-1.2912934274302128,0.16039398,0.12292318404934247,0.19564247,5.347174,-2.289913192930952,0.2030078,-4.83203588399606,0.20667465,1.0274683,503635968.0,60.0,78.0,5.0,262144069.0,524416.0,196608.0,262144069.0,524416.0,196608.0,262144069.0,524416.0,196608.0,262144069.0,524416.0,196608.0,262144069.0,524416.0,196608.0
1.0637335090405635e+17,335.09042201,0.004029999952763319,-1.35336904,0.006750000175088644,19.58617464830403,0.011629371044088696,19.21010980740448,0.005844056750492787,19.01991644031207,0.005138452012445555,18.966364080505294,0.011647475240752728,18.802819876027066,0.021147178890054758,5500.0,0.0,0.2,-37.940638,-38.35489,-38.502015,-38.554572,-38.590867,-38.544273,-38.413695,-37.956119,57.50567337051059,0.005580916819878971,0.14157092918662376,18.102210321468934,0.005580916819878971,17.73415561730932,0.005580916819878971,17.721196973034452,0.005580916819878971,2.677604486318826e+18,335.0904203361338,0.32146794,-1.3533706696796275,0.30652547,0.11769398208078426,0.40548038,2.6960971,0.3084177168773288,0.41538456,-2.678398546428785,0.44471425,0.95134115,436527104.0,52.0,81.0,5.0,262144069.0,524416.0,196608.0,262144069.0,524416.0,196608.0,262144069.0,524416.0,196608.0,262144069.0,524416.0,196608.0,262144069.0,524416.0,196608.0
1.0633335089681462e+17,335.08966274,0.0057299998588860035,-1.38818916,0.011610000394284725,20.521619561074534,0.02339641961915896,19.49674310055306,0.007250113438014165,18.978748234637514,0.005929995719184817,18.77340523726174,0.011657456180304442,18.61748636184047,0.01830919662840406,3800.0,5.25,-3.8,-35.867083,-36.863333,-37.336236,-37.374505,-37.714677,-37.807618,-38.129643,-37.640044,56.308767299073466,0.006652050543592317,0.3522855524432471,17.641959250031807,0.006652050543592317,16.82130154587219,0.006652050543592317,16.840365901597323,0.006652050543592317,2.677602149856591e+18,335.089660056301,0.44999653,-1.3881915130164926,0.40219176,0.960379030270909,0.5766213,9.716792,-7.1170433172411585,0.4501095,-6.615417221997004,0.53006595,0.98870355,436527104.0,52.0,70.0,5.0,262144005.0,524416.0,196608.0,262144069.0,524416.0,196608.0,262144069.0,524416.0,196608.0,262144069.0,524416.0,196608.0,262144069.0,524416.0,196608.0
1.0642334759054802e+17,334.75907598,0.005869999993592501,-1.31034612,0.004780000075697899,16.12534408594019,0.0012995591750198667,15.718176577449892,0.0006910298867997846,15.677402969777411,0.0007757511134558813,15.668346658279534,0.0013941190442583137,15.59630071819237,0.00221579856348854,5937.5,0.0,-2.3,-38.441561,-38.83219,-38.892889,-38.881967,-38.943402,-38.768474,-38.494097,-38.036724,54.555516001927884,0.0006203707706647202,0.004087928620619419,14.927851952886225,0.0006203707706647202,14.703596248726612,0.0006203707706647202,14.690434604451747,0.0006203707706647202,2.677526077396025e+18,334.7590746861171,0.043358933,-1.310351317618203,0.039521232,0.4252559047066266,0.049588267,11.497654,0.7868362857230827,0.0455204,-11.47069896498147,0.049271427,0.99483925,503635968.0,60.0,77.0,5.0,262144069.0,524416.0,196608.0,262144069.0,524416.0,196608.0,262144069.0,524416.0,196608.0,262144069.0,524416.0,196608.0,262144069.0,524416.0,196608.0
1.0649334863601926e+17,334.86363469,0.007960000075399876,-1.25098204,0.007829999551177025,22.12630266941737,0.0687149988374449,21.17083020861843,0.02617901094920966,19.83276601803218,0.009918172159961746,19.19351391120157,0.014547313750341113,18.943114334314714,0.024563116425458643,3600.0,5.25,-3.7,-34.370028,-35.353768,-36.408712,-36.78025,-37.127324,-37.440923,-37.784489,-37.399731,56.26132182831685,0.015900229991273756,3.0635374480378688,17.961208779275193,0.015900229991273756,17.119010075115575,0.015900229991273756,17.03323343084071,0.015900229991273756,2.6776203261587436e+18,334.86363973142,2.483358,-1.2509778807637835,1.2948166,nan,nan,nan,nan,nan,nan,nan,nan,436527104.0,52.0,66.0,5.0,195035141.0,655360.0,196608.0,262144069.0,524416.0,196608.0,262144069.0,524416.0,196608.0,262144069.0,524416.0,196608.0,262144069.0,524416.0,196608.0
1.0673334894895366e+17,334.89491445,0.005200000014156103,-1.05567251,0.006289999932050705,20.569519047005926,0.024952620550300737,19.064303562961857,0.005003497239216073,17.88603941227657,0.0023394212519359525,17.37646983918085,0.0033235912170656925,17.094780489121995,0.005546639965861395,3400.0,5.25,-3.9,-33.768109,-34.920906,-35.953811,-36.371386,-36.883879,-37.315431,-37.613851,-37.226192,53.97784067010945,0.005272390813409758,1.8650891423732425,15.803219621067793,0.005272390813409758,15.006166916908178,0.005272390813409758,14.923291272633316,0.005272390813409758,2.677633039261606e+18,334.8949206861544,0.19699496,-1.055670898463936,0.20274207,2.131024573866562,0.22369681,12.569122,12.547590580842087,0.25766066,-0.7353875475953978,0.24885696,0.8998649,503636096.0,60.0,81.0,5.0,262144069.0,524416.0,196608.0,262144069.0,524416.0,196608.0,262144069.0,524416.0,196608.0,262144069.0,524416.0,196608.0,262144069.0,524416.0,196608.0
1.0649335028772309e+17,335.02877,0.0022299999836832285,-1.25614952,0.0022299999836832285,19.500491537813236,0.01035716966772168,18.159235105645074,0.0034235755994961236,17.305272917494385,0.0015777881646092222,16.83409988632177,0.0024532618126421484,16.67679742888198,0.0036900299450547875,3600.0,5.25,-3.8,-34.710644,-35.721542,-36.595287,-36.865073,-37.264321,-37.534743,-37.866763,-37.442545,53.92655277523129,0.002375845646674796,1.0775046759767908,15.532619726189633,0.002375845646674796,14.701967022030018,0.002375845646674796,14.655650377755153,0.002375845646674796,2.677609399761488e+18,335.0287925274439,0.14897758,-1.2561428572737177,0.16237275,1.6221065336941312,0.18087474,20.965343,20.45345413064924,0.1778555,4.604546304488295,0.18667993,1.0680633,503635968.0,60.0,83.0,5.0,262144005.0,524416.0,196608.0,262144069.0,524416.0,196608.0,262144069.0,524416.0,196608.0,262144069.0,524416.0,196608.0,262144069.0,524416.0,196608.0
1.0636334936495163e+17,334.93644878,0.011649999767541885,-1.36572674,0.011819999665021896,22.74812581572708,0.12226911888089584,21.650674124182252,0.042890114090998015,20.382035478280827,0.015220000409478995,19.844424299945086,0.024748151286769448,19.47812650976078,0.03889105368901544,3600.0,5.25,-3.7,-34.370028,-35.353768,-36.408712,-36.78025,-37.127324,-37.440923,-37.784489,-37.399731,56.8286936455792,0.027673765757676508,2.5177239529099467,18.52858059653754,0.027673765757676508,17.686381892377923,0.027673765757676508,17.600605248103058,0.027673765757676508,-999,-999,-999,-999,-999,-999,-999,-999,-999,-999,-999,-999,-999,436527104.0,52.0,57.0,5.0,195035141.0,655360.0,196608.0,195035141.0,655488.0,196608.0,262144069.0,524416.0,196608.0,262144005.0,524416.0,196608.0,195035205.0,524416.0,196608.0
1.0658334817824213e+17,334.81782663,0.013079999946057796,-1.18194487,0.007379999849945307,20.075555035814546,0.016766694652755928,19.35773322981653,0.008042234048576631,19.093612702194637,0.007986832459818766,18.916123532625512,0.011043491489390884,18.91559178583175,0.022190166927341538,4875.0,1.75,0.2,-37.07004,-37.700333,-37.960613,-38.066527,-38.136668,-38.208589,-38.241738,-37.80294,57.05855945725659,0.006399847758662968,0.11808371592799491,17.990780408214928,0.006399847758662968,17.45899870405532,0.006399847758662968,17.427262059780453,0.006399847758662968,2.6776240370100803e+18,334.817828806992,0.34863484,-1.1819454480248197,0.31498444,0.6071248015528885,0.42228562,5.6925864,4.050438994149098,0.42091686,-3.999935228978402,0.38804594,0.92103857,436527104.0,52.0,66.0,5.0,262144069.0,524416.0,196608.0,262144005.0,524416.0,196608.0,262144069.0,524416.0,196608.0,262144005.0,524416.0,196608.0,262144069.0,524416.0,196608.0
1.0662335066690622e+17,335.06663698,0.01131999958306551,-1.14525277,0.01735999993979931,20.33100590887528,0.024483154754693127,20.02831657654006,0.011337672198554893,19.963425718186464,0.011141513355784425,19.9046345693246,0.022987231014806462,19.96678766100292,0.051254069932653475,6250.0,4.75,0.3,-38.541804,-38.808627,-38.898654,-38.900025,-38.888039,-38.785616,-38.59829,-38.124572,58.84626388678587,0.012660953316193333,0.01266899897501814,19.20145783774421,0.012660953316193333,18.890151133584595,0.012660953316193333,18.89333448930973,0.012660953316193333,2.677627713502107e+18,335.0666419895855,0.6400234,-1.14525125403908,0.63402694,0.627471980050181,0.70723116,3.7644832,3.531613207127861,0.71052235,-1.3034727513078441,0.78850836,1.0229893,436527104.0,52.0,69.0,5.0,262144069.0,524416.0,196608.0,262144069.0,524416.0,196608.0,262144069.0,524416.0,196608.0,262144069.0,524416.0,196608.0,195035141.0,524416.0,196608.0
1.0645334988900211e+17,334.9888948,0.003220000071451068,-1.2902962,0.005239999853074551,19.393251192363866,0.007120200030200558,18.485094243512652,0.0034918883912290963,18.127184474540552,0.0029866944279726415,17.91956539819183,0.004654205387442602,17.815038793880003,0.008949432011203327,4500.0,1.25,-0.1,-36.415365,-37.259995,-37.570231,-37.721545,-37.859566,-38.010162,-38.131255,-37.701125,55.71336722049778,0.002634880169758025,0.21564758652377836,16.844015171456117,0.002634880169758025,16.2242894672965,0.002634880169758025,16.183884823021643,0.002634880169758025,2.677608850005654e+18,334.98889508650416,0.22223644,-1.2902974140856367,0.20358463,0.14147298060470334,0.26941898,5.3109865,3.169652843478095,0.2945299,-4.261440693815996,0.27481452,1.0653696,503635968.0,60.0,85.0,5.0,262144069.0,524416.0,196608.0,262144069.0,524416.0,196608.0,262144069.0,524416.0,196608.0,262144069.0,524416.0,196608.0,262144069.0,524416.0,196608.0
1.0664335135881894e+17,335.13587318,0.004449999891221523,-1.12623323,0.004490000195801258,20.5839806754112,0.021415570210150826,19.46402736752994,0.0059774512417138295,18.84703293319799,0.004482372056177908,18.48653183021023,0.008016667924242696,18.329118659971833,0.015049240674458987,3700.0,5.25,-3.8,-35.321296,-36.317193,-36.986985,-37.128968,-37.499213,-37.672445,-37.998751,-37.539705,55.79286929326423,0.00567519106113034,0.6248955468592097,17.261234244222567,0.00567519106113034,16.436295540062957,0.00567519106113034,16.424806895788095,0.00567519106113034,2.677617920976685e+18,335.13586970747514,0.39238068,-1.126234559321069,0.45690498,1.0062283801406495,0.4884856,6.5523243,-6.007826260580417,0.53962743,-2.6151433703604003,0.60048926,1.3350042,436527104.0,52.0,90.0,5.0,262144069.0,524416.0,196608.0,262144069.0,524416.0,196608.0,262144069.0,524416.0,196608.0,262144069.0,524416.0,196608.0,262144069.0,524416.0,196608.0
1.0635335158777715e+17,335.15883573,0.007439999841153622,-1.36936201,0.008390000090003014,20.34629047342222,0.01918835452344019,20.101475483206823,0.011856761932273694,19.999605349752663,0.010895577633895233,19.987730917604193,0.030356176417154414,20.282883286230465,0.09225604155773794,6750.0,5.0,-0.3,-39.019334,-39.229118,-39.253989,-39.208099,-39.176585,-39.01544,-38.750316,-38.258114,59.32102210204328,0.020060073793866814,0.1816509782656633,19.44639205300162,0.020060073793866814,19.212883348842006,0.020060073793866814,19.23455070456714,0.020060073793866814,2.677603902203263e+18,335.158834375302,0.6392562,-1.369357111687163,0.58035207,1.0482758223454167,0.75840104,3.9747317,0.11722142180783371,0.8097482,-3.9730028546659932,0.785975,0.9842532,436527104.0,52.0,64.0,5.0,262144069.0,524416.0,196608.0,262144069.0,524416.0,196608.0,262144069.0,524416.0,196608.0,262144069.0,524416.0,196608.0,195035141.0,524416.0,196608.0
1.0647335161792373e+17,335.16176897,0.012009999714791775,-1.27225994,0.013129999861121178,19.394691787601555,0.007117254703888869,19.54258696948301,0.006092118326929453,19.751034812217913,0.00858090865008066,19.913530869036958,0.022587246445461527,20.062564594254752,0.0650530599504272,9500.0,0.75,-1.0,-40.619485,-40.53548,-40.32472,-40.192303,-40.039185,-39.627409,-39.174602,-38.633229,60.075116406518845,0.014004978435388267,0.09647830484729586,19.588517357477183,0.014004978435388267,19.54269165331757,0.014004978435388267,19.613530009042705,0.014004978435388267,2.6776112895470894e+18,335.1617532984532,0.3804143,-1.2722780205025808,0.3311592,2.728012984142557,0.43404385,26.210207,-16.35584575759484,0.43786016,-20.480753780900653,0.3962262,1.0316793,436527104.0,52.0,84.0,5.0,262144069.0,524416.0,196608.0,262144069.0,524416.0,196608.0,262144069.0,524416.0,196608.0,262144069.0,524416.0,196608.0,195035141.0,524416.0,196608.0
1.065733523501083e+17,335.23507566,0.007040000054985285,-1.18514911,0.0038799999747425318,20.773839005691414,0.026129253750069706,19.90300026500994,0.009254795133933243,19.555838052643107,0.006838819544147973,19.360857888957668,0.018193291109938524,19.289430204522155,0.038348092870051996,4562.5,1.5,0.0,-36.54029,-37.338283,-37.638621,-37.780389,-37.902838,-38.041901,-38.155209,-37.720523,57.21667728336486,0.010230797926740861,0.19087236194518667,18.315586234323195,0.010230797926740861,17.703645530163584,0.010230797926740861,17.66779688588872,0.010230797926740861,2.677613561584401e+18,335.23507454842536,0.49951878,-1.1851509683011276,0.48138863,0.6571943812372174,0.548541,7.122054,-0.7372399135185881,0.5992875,-7.083793813620091,0.54696274,0.9114254,436527104.0,52.0,85.0,10.0,262144069.0,524416.0,0.0,262144069.0,524416.0,0.0,262144069.0,524416.0,0.0,262144069.0,524416.0,0.0,195035141.0,524416.0,0.0
1.0667335050712136e+17,335.05071936,0.007400000002235174,-1.10760977,0.00394000019878149,21.383537803490867,0.04603210559625344,20.43948521845594,0.013618205575159205,18.91143758461844,0.005281659447237939,18.304438730356743,0.007209684926936718,17.97634398744936,0.010447307908044838,3600.0,5.25,-3.6,-34.029413,-34.985993,-36.222136,-36.695426,-36.990327,-37.347104,-37.702214,-37.356916,55.18770766487427,0.009986855349908133,3.7662175024129727,16.981413615832604,0.009986855349908133,16.127670911672993,0.009986855349908133,16.00243426739813,0.009986855349908133,2.6776291609056497e+18,335.05072664486374,0.38367143,-1.1076106991798653,0.40307885,0.8702553559432338,0.45366457,16.374504,14.184483166881241,0.5039448,-8.180760231021845,0.47562,0.94220984,503635968.0,60.0,72.0,5.0,195035141.0,655488.0,196608.0,262144069.0,524416.0,196608.0,262144069.0,524416.0,196608.0,262144069.0,524416.0,196608.0,262144069.0,524416.0,196608.0
1.0639335136980451e+17,335.13703097,0.017810000106692314,-1.33821279,0.033309999853372574,16.629644847601963,0.0012650159397988633,15.572458019060699,0.0005498425627503214,15.129707230308673,0.00044072607446620974,14.9308983425505,0.0007744199389732509,14.785479295363574,0.0011045984810464445,4375.0,0.0,-0.2,-36.076659,-37.07398,-37.420741,-37.59592,-37.782097,-37.952286,-38.068713,-37.659722,52.599516946977076,0.0003958128694563068,0.2928877954911822,13.788040897935414,0.0003958128694563068,13.172981193775797,0.0003958128694563068,13.111437549500936,0.0003958128694563068,2.677604177081193e+18,335.13705295116625,0.037512954,-1.33820865929612,0.034301363,1.984531446005924,0.047287762,31.89881,30.3171091363899,0.04463551,-9.92002626357333,0.042049173,0.98344857,512024576.0,61.0,101.0,5.0,262160391.0,524416.0,196608.0,262160391.0,524416.0,196608.0,262160391.0,524416.0,196608.0,262160391.0,524416.0,196608.0,262160391.0,524416.0,196608.0
1.0625334989670269e+17,334.98970342,0.017079999670386314,-1.45648862,0.019819999113678932,20.596571407100043,0.022265288182180168,20.04439405934064,0.012073676687271176,19.836299988174435,0.010397571875173057,19.70999104200579,0.023052230656280752,19.662153386596902,0.05320306908818147,5187.5,1.5,1.0,-37.49887,-37.98757,-38.209012,-38.294709,-38.33523,-38.352659,-38.316379,-37.873007,58.034960176643565,0.012824348913088505,0.08164603971794938,18.8231111276019,0.012824348913088505,18.36075842344229,0.012824348913088505,18.333595779167425,0.012824348913088505,2.6775083520656573e+18,334.9897036767144,0.66785896,-1.4564919881302996,0.6620387,-0.16068733288265427,0.8716768,11.110236,6.771485385532369,0.7131201,-8.80819650236642,0.883699,1.0470331,436527104.0,52.0,70.0,5.0,262144005.0,524416.0,196608.0,262144069.0,524416.0,196608.0,262144005.0,524416.0,196608.0,262144069.0,524416.0,196608.0,195035141.0,524416.0,196608.0
1.067233493494853e+17,334.93498019,0.022029999643564224,-1.06266176,0.009829999879002571,19.448798457386047,0.009624247240081792,18.37053676335214,0.00291232491293463,17.707038143673355,0.002493080892954472,17.423834162023784,0.0034696039132448724,17.218720230883267,0.0057186672649104184,3700.0,5.25,-3.8,-35.321296,-36.317193,-36.986985,-37.128968,-37.499213,-37.672445,-37.998751,-37.539705,54.68451655146372,0.0024662889553099697,0.6142716171112222,16.15288150242206,0.0024662889553099697,15.327942798262448,0.0024662889553099697,15.316454153987587,0.0024662889553099697,2.6776323563617777e+18,334.9349926594191,0.18142353,-1.0626567036699153,0.18781328,1.244120606786294,0.2095536,13.653727,12.910832759791809,0.23935974,4.442369695949445,0.23877232,1.2291099,503635968.0,60.0,79.0,5.0,262144069.0,524416.0,196608.0,262144069.0,524416.0,196608.0,262144005.0,524416.0,196608.0,262144069.0,524416.0,196608.0,262144069.0,524416.0,196608.0
1.065533492126871e+17,334.92128086,0.009109999984502792,-1.20279933,0.00977999996393919,20.80084761231898,0.0233912111435427,20.227924146038955,0.01565247676701968,20.025515721284304,0.013720411478326444,19.90349373644262,0.028880183110968738,19.7451561237122,0.05760906089517284,4900.0,5.0,-2.0,-37.133188,-37.691784,-37.934121,-38.034155,-38.104453,-38.186576,-38.247609,-37.807096,57.92012766795941,0.014329364748774172,0.1427716310151512,18.87436161891775,0.014329364748774172,18.31469591475814,0.014329364748774172,18.284674270483272,0.014329364748774172,2.6776221128647183e+18,334.9212818241187,0.7496059,-1.2028036877611745,0.6778068,-0.7029623503400015,0.8997377,8.906822,1.2198644331951305,0.84284943,-8.822891790785766,0.7842762,1.0252615,436527104.0,52.0,55.0,10.0,262144069.0,524416.0,196608.0,262144005.0,524416.0,196608.0,262144005.0,524416.0,196608.0,262144069.0,524416.0,196608.0,195035141.0,524416.0,196608.0
1.0643334986477035e+17,334.98644117,0.006209999788552523,-1.30842636,0.0065899998880922794,20.362874933755336,0.017251567127960055,19.895777010026855,0.009531014378952514,19.66154393743669,0.009457691860054398,19.552382125025808,0.023873226220332288,19.59484259521878,0.04261108535638715,5437.5,4.5,1.0,-37.755702,-38.183306,-38.374039,-38.439525,-38.463642,-38.445242,-38.359202,-37.921179,58.0567269202927,0.010702411437051975,0.07580942926198343,18.752294871251035,0.010702411437051975,18.339702167091417,0.010702411437051975,18.307190522816555,0.010702411437051975,2.6776073038174177e+18,334.9864467381662,0.702943,-1.3084252035382316,0.79082423,0.8366391615368141,0.7442297,5.575103,5.5729659284592685,0.84718084,0.15433999174540572,0.96581864,0.9761786,436527104.0,52.0,75.0,5.0,262144069.0,524416.0,196608.0,262144069.0,524416.0,196608.0,262144069.0,524416.0,196608.0,262144005.0,524416.0,196608.0,195035205.0,524416.0,196608.0
1.063533505117418e+17,335.05117737,0.0040699997916817665,-1.3738745,0.004149999935179949,20.725406412737737,0.029469271318506234,19.569452851069915,0.007688837879892101,18.87454279824102,0.0046081315956240645,18.59644973590284,0.008299628727439735,18.381538592077995,0.015299227727988777,3700.0,5.25,-3.8,-35.321296,-36.317193,-36.986985,-37.128968,-37.499213,-37.672445,-37.998751,-37.539705,55.88020907800591,0.0070759911330520765,0.5818686127074493,17.348574028964247,0.0070759911330520765,16.523635324804637,0.0070759911330520765,16.512146680529774,0.0070759911330520765,2.677602940130586e+18,335.0511884598003,0.46290955,-1.3738798036036162,0.42716718,1.1897607431558777,0.58399844,14.3894415,10.755596223096376,0.46679598,-9.558931879495939,0.57453436,1.0440564,436527104.0,52.0,80.0,5.0,262144005.0,524416.0,196608.0,262144069.0,524416.0,196608.0,262144005.0,524416.0,196608.0,262144069.0,524416.0,196608.0,262144069.0,524416.0,196608.0
1.0676335010531211e+17,335.01055781,0.011989999562501907,-1.03201086,0.02022000029683113,19.59211406334545,0.008290618995801299,19.725455798080013,0.008343453205373136,19.913768536454384,0.010389722253132757,20.119935790828226,0.030830179316351448,20.201770679308463,0.07984404548652445,9437.5,1.0,-2.0,-40.510274,-40.436569,-40.272456,-40.119816,-39.982519,-39.621388,-39.187516,-38.640569,60.17493577360331,0.01740329332000539,0.096469537036939,19.694357724561645,0.01740329332000539,19.62959702040203,0.01740329332000539,19.70600937612717,0.01740329332000539,2.6776326613044946e+18,335.01056415331044,0.39783978,-1.03201755648548,0.39088374,3.9189803613901346,0.45138186,29.95784,20.372214298926046,0.5101098,-21.96463144644198,0.4736452,1.0841311,436527104.0,52.0,66.0,5.0,262144069.0,524416.0,196608.0,262144005.0,524416.0,196608.0,262144069.0,524416.0,196608.0,262144069.0,524416.0,196608.0,195035141.0,524416.0,196608.0
1.0663335157106578e+17,335.15711104,0.004720000084489584,-1.13721314,0.00430000014603138,19.5294870873855,0.009825001461846249,18.76281578316239,0.0036464825963750725,18.455101590058682,0.003121472946436069,18.337636143649902,0.006677833782421878,18.2388057862713,0.011807323967234936,4812.5,1.5,-0.2,-36.943837,-37.667107,-37.917622,-38.024435,-38.12867,-38.21268,-38.241285,-37.796076,56.401103478105554,0.0034846947969609902,0.13370341075873976,17.329233429063894,0.0034846947969609902,16.80199572490428,0.0034846947969609902,16.776670080629415,0.0034846947969609902,2.677617646098771e+18,335.1571112446288,0.23432347,-1.137213965774213,0.248969,0.8063527560083646,0.28282088,2.5231044,0.5260541224715982,0.30534527,-2.4676554140307214,0.31821436,1.1762216,436527104.0,52.0,93.0,5.0,262144069.0,524416.0,196608.0,262144069.0,524416.0,196608.0,262144069.0,524416.0,196608.0,262144069.0,524416.0,196608.0,262144069.0,524416.0,196608.0
1.0647334913604298e+17,334.91361444,0.07143999636173248,-1.27294377,0.07143999636173248,22.809885840854804,0.13023210854211012,22.341498866882915,0.08370310943461277,21.94599898174335,0.05670400283584587,21.66640592873922,0.13549302132862365,20.996370864450412,0.1681160147004891,3700.0,5.25,-4.0,-36.098864,-37.119422,-37.429887,-37.351073,-37.826479,-37.88875,-38.202497,-37.656479,59.11717709653415,0.05433352916551189,2.2280561142223254,20.369237047492486,0.05433352916551189,19.556857343332872,0.05433352916551189,19.632340699058012,0.05433352916551189,-999,-999,-999,-999,-999,-999,-999,-999,-999,-999,-999,-999,-999,436363264.0,52.0,6.0,5.0,35651585.0,0.0,196608.0,35651585.0,0.0,196608.0,35651585.0,0.0,196608.0,35651585.0,0.0,196608.0,35651585.0,0.0,196608.0
1.0647334908423678e+17,334.90842796,0.006070000119507313,-1.26973121,0.006180000025779009,22.212458610820086,0.07647100975198233,20.78456946733073,0.021383001194166907,19.394568016398924,0.007109175014444906,18.618089341177594,0.011900373785272483,18.320602900327245,0.016866163705930685,3300.0,5.25,-3.9,-33.035076,-34.214688,-35.464228,-36.030176,-36.589533,-37.154195,-37.47454,-37.122412,54.932797867210915,0.01647018496110834,3.049149677543632,16.919412818169253,0.01647018496110834,16.100435114009642,0.01647018496110834,15.98202846973478,0.01647018496110834,2.6776193297261947e+18,334.90843148002904,0.83749855,-1.26973205909437,0.8258733,2.9633238114580105,0.9475491,7.8157554,5.702643182015796,0.9390131,-5.344706907700992,0.88027436,1.0931907,436527104.0,52.0,59.0,5.0,195035141.0,655360.0,196608.0,262144005.0,524416.0,196608.0,262144069.0,524416.0,196608.0,262144005.0,524416.0,196608.0,262144069.0,524416.0,196608.0
1.0642335087521282e+17,335.08755749,0.007019999902695417,-1.31466563,0.004879999905824661,20.36574414559751,0.01850453193918943,19.7466428080996,0.008215152967398139,19.53067300684719,0.007973812016701413,19.363001725917762,0.015445349359091034,19.31166596506893,0.03100011759848672,4900.0,5.0,-2.0,-37.133188,-37.691784,-37.934121,-38.034155,-38.104453,-38.186576,-38.247609,-37.807096,57.4430857303062,0.008180597109229385,0.10133229964111358,18.397319681264538,0.008180597109229385,17.837653977104928,0.008180597109229385,17.80763233283006,0.008180597109229385,2.677604898635726e+18,335.0875568174932,0.5083523,-1.314668140001522,0.47136053,-0.4127134996165255,0.6456462,8.443374,6.94635419474914,0.6251181,-4.799867517782318,0.60236955,1.084749,436527104.0,52.0,80.0,5.0,262144069.0,524416.0,196608.0,262144069.0,524416.0,196608.0,262144069.0,524416.0,196608.0,262144069.0,524416.0,196608.0,262144069.0,524416.0,196608.0
1.0657334862618938e+17,334.86259464,0.013790000230073929,-1.18426473,0.021490000188350677,21.22902921491627,0.030356168266761803,20.173455638994255,0.011790515627410292,19.78125822084797,0.009006561494267293,19.557090522176928,0.017554296071822975,19.361469700881106,0.035048099328752816,4500.0,0.25,-2.2,-36.252903,-37.279109,-37.585272,-37.748753,-37.988392,-38.101921,-38.075209,-37.676584,57.39134645956331,0.010350176689671581,0.2708412407597596,18.43023541052165,0.010350176689671581,17.95831470636203,0.010350176689671581,17.88640506208717,0.010350176689671581,2.677625273960961e+18,334.8625985029252,0.66612726,-1.1842651302083838,0.5873161,-0.32123651117665164,0.79191107,11.170329,8.825579744095297,0.8217434,-6.847290853718999,0.76589376,1.0135311,436527232.0,52.0,85.0,10.0,262144005.0,524416.0,0.0,262144069.0,524416.0,0.0,262144069.0,524416.0,0.0,262144069.0,524416.0,0.0,262144005.0,524416.0,0.0
1.0630334912307514e+17,334.91231491,0.003389999968931079,-1.41278669,0.004269999917596579,18.935650464601835,0.005123222737027687,17.708871664554326,0.002030973713275479,16.722290085412315,0.0012158084657879697,16.289501071375884,0.0016903380256734506,16.021000645249007,0.002730424557495448,3600.0,5.25,-3.8,-34.710644,-35.721542,-36.595287,-36.865073,-37.264321,-37.534743,-37.866763,-37.442545,53.36683618623868,0.001298659563825824,1.300072497896018,14.972903137197019,0.001298659563825824,14.142250433037404,0.001298659563825824,14.095933788762538,0.001298659563825824,2.677511886824052e+18,334.91231722442467,0.11829752,-1.412788253796958,0.10683006,2.026896344348887,0.14596714,6.8349543,4.806715828540014,0.11296459,-4.859226348358394,0.12896144,1.0597678,503635968.0,60.0,83.0,5.0,262144069.0,524416.0,196608.0,262144069.0,524416.0,196608.0,262144069.0,524416.0,196608.0,262144069.0,524416.0,196608.0,262144069.0,524416.0,196608.0
1.0650335053488445e+17,335.05346695,0.014360000379383564,-1.24677345,0.0013099999632686377,18.156624986606047,0.0034841969233943013,17.00017594199304,0.0013558866491896612,15.688932566447138,0.0006668123228806134,15.060438611044043,0.000880454986746452,14.795743072041116,0.00110753924689048,3600.0,5.25,-3.6,-34.029413,-34.985993,-36.222136,-36.695426,-36.990327,-37.347104,-37.702214,-37.356916,51.925042035626284,0.0008105440061458958,2.6936584553696985,13.71874798658462,0.0008105440061458958,12.86500528242501,0.0008105440061458958,12.739768638150148,0.0008105440061458958,2.6776093696967926e+18,335.05346180702276,0.47760424,-1.2468152941774133,0.5446997,6.163675517515587,0.558029,86.7537,-18.56793175789774,0.5905797,-84.7433562056818,0.63375044,6.7966757,503635968.0,60.0,80.0,5.0,262144069.0,524416.0,196608.0,262144069.0,524416.0,196608.0,262144069.0,524416.0,196608.0,262144069.0,524416.0,196608.0,262144069.0,524416.0,196608.0
1.0627334923129968e+17,334.92315359,0.01978999935090542,-1.43400326,0.009259999729692936,18.716934198377547,0.005546140270438439,18.574710885751035,0.003701894700354,18.5046784290273,0.003478402554170896,18.497011741706984,0.008299680311067923,18.42355988972142,0.01657923555217453,6125.0,0.5,1.0,-38.631102,-38.787605,-38.83166,-38.863227,-38.873913,-38.740777,-38.52674,-38.053331,57.340880428916854,0.004001593309476449,0.021884773040617884,17.74091337987519,0.004001593309476449,17.45631767571558,0.004001593309476449,17.459192031440715,0.004001593309476449,2.6775115088669225e+18,334.9231589859434,0.21669142,-1.4340042901238856,0.19459517,-0.027334523550393022,0.2610176,9.0943365,3.4574528086632452,0.21515043,-8.411478558981955,0.23377518,1.0832571,436527104.0,52.0,82.0,5.0,262144069.0,524416.0,196608.0,262144069.0,524416.0,196608.0,262144069.0,524416.0,196608.0,262144069.0,524416.0,196608.0,262144069.0,524416.0,196608.0
1.0625334926791802e+17,334.92679688,0.03288000077009201,-1.4520208,0.04592999815940857,22.22466032767609,0.07662349759729795,21.74255716388039,0.04879100264791241,21.584386806920648,0.047118015962060326,21.530173674986848,0.11851703258096909,20.911133587950726,0.13459001922780567,4900.0,5.0,-2.0,-37.133188,-37.691784,-37.934121,-38.034155,-38.104453,-38.186576,-38.247609,-37.807096,59.37812251228294,0.04129532178790826,1.079735988252966,20.33235646324128,0.04129532178790826,19.77269075908167,0.04129532178790826,19.7426691148068,0.04129532178790826,-999,-999,-999,-999,-999,-999,-999,-999,-999,-999,-999,-999,-999,436527104.0,52.0,22.0,5.0,35651585.0,0.0,196608.0,35651585.0,0.0,196608.0,35651585.0,0.0,196608.0,35651585.0,0.0,196608.0,35651585.0,0.0,196608.0
1.065833483265835e+17,334.83267783,0.011540000326931477,-1.18077231,0.011850000359117985,17.31044447359087,0.00208299484469585,16.380583051026647,0.0010323031065088417,16.000025764356984,0.0007705296959053884,15.809471063308033,0.0012774746403798846,15.687246332361672,0.001625435812524133,4500.0,1.0,-0.2,-36.392304,-37.261199,-37.570189,-37.722368,-37.870811,-38.020862,-38.136325,-37.709467,53.60092833692885,0.0006410059680364621,0.22890677890118818,14.72087628788719,0.0006410059680364621,14.106780583727577,0.0006410059680364621,14.063103939452718,0.0006410059680364621,2.677624075664854e+18,334.832681159814,0.055379245,-1.1807656322115816,0.05498824,1.1260045505794807,0.06449985,10.862812,8.329067490242558,0.070925206,6.973329547766688,0.07019603,0.97292215,503635968.0,60.0,93.0,5.0,262144069.0,524416.0,196608.0,262144069.0,524416.0,196608.0,262144069.0,524416.0,196608.0,262144069.0,524416.0,196608.0,262144069.0,524416.0,196608.0
1.064933475827581e+17,334.75832891,0.010529999621212482,-1.25195255,0.002899999963119626,20.430144932784888,0.018520933839367825,19.311488167997684,0.006118538131459181,18.057441584638664,0.0033319352593224943,17.47412496421279,0.0040803235476283605,17.235827599903807,0.005304689485324393,3600.0,5.25,-3.7,-34.370028,-35.353768,-36.408712,-36.78025,-37.127324,-37.440923,-37.784489,-37.399731,54.50982184990757,0.004177808336961945,2.355924182348328,16.209708800865908,0.004177808336961945,15.36751009670629,0.004177808336961945,15.281733452431427,0.004177808336961945,2.6776231436568366e+18,334.7583353994491,0.2514774,-1.2519547993792401,0.21419749,1.754013216804088,0.31132853,20.103636,18.06679284928838,0.25924996,-8.817436498119855,0.26772425,1.00197,503635968.0,60.0,77.0,5.0,262144005.0,524416.0,196608.0,262144069.0,524416.0,196608.0,262144069.0,524416.0,196608.0,262144069.0,524416.0,196608.0,262144069.0,524416.0,196608.0
1.0632334825185624e+17,334.8252294,0.03578000143170357,-1.39519036,0.027000000700354576,20.64528094663317,0.0233181766539189,20.246740683649637,0.015400469117927144,19.962227630868263,0.015543356882810718,20.180780287491437,0.05594909299293218,19.76043931891421,0.0908870415358749,5625.0,0.0,-2.5,-38.023916,-38.586803,-38.701746,-38.695869,-38.796261,-38.66864,-38.420144,-37.965117,58.72001277351135,0.022282964866083364,0.38080733435871883,19.192182724469685,0.022282964866083364,18.942046020310073,0.022282964866083364,18.92653837603521,0.022282964866083364,2.677512470939611e+18,334.82521060062413,0.60466623,-1.3952001108281502,0.5047517,0.43732248890567504,0.69684225,5.2695265,-4.554973946128933,0.62750477,-2.6495513427516024,0.70035607,0.9547762,436527104.0,52.0,41.0,5.0,262144069.0,524416.0,196608.0,262144069.0,524416.0,196608.0,262144069.0,524416.0,196608.0,195035141.0,524288.0,196608.0,195035141.0,524416.0,196608.0
1.0639335222144549e+17,335.22217496,0.010759999975562096,-1.33745591,0.011219999752938747,20.96556951569871,0.028172057924230717,20.640396830118213,0.01900032085110051,20.45685988221659,0.016184313435724663,20.300155131606882,0.03871913270135593,20.297311233432243,0.08006404197718855,5625.0,0.0,1.0,-38.085737,-38.42078,-38.553701,-38.611675,-38.633947,-38.567318,-38.414542,-37.959294,58.993226518614534,0.019314275649256925,0.11463530596746353,19.566718469572873,0.019314275649256925,19.22086176541326,0.019314275649256925,19.205575121138395,0.019314275649256925,2.677562945395151e+18,335.22217177169847,1.6001232,-1.3374548656825371,1.6234778,nan,nan,nan,nan,nan,nan,nan,nan,436527104.0,52.0,60.0,5.0,262144005.0,524416.0,196608.0,262144069.0,524416.0,196608.0,262144069.0,524416.0,196608.0,195035141.0,655488.0,196608.0,195035141.0,524416.0,196608.0
1.0627334866379102e+17,334.86639023,0.009949999861419201,-1.44120915,0.0022499999031424522,17.28017998548033,0.0019163611291473737,16.19762210596456,0.0008711578786078665,15.697386658995311,0.0006340469623035152,15.491210196851087,0.0011280687610133767,15.421693311127207,0.001905077273005105,4300.0,4.0,-3.0,-35.912635,-36.895831,-37.33204,-37.500369,-37.626465,-37.843385,-38.067207,-37.669035,53.0710864516837,0.0006240266059349937,0.3342107935384248,14.368511402642039,0.0006240266059349937,13.646056698482418,0.0006240266059349937,13.573694054207559,0.0006240266059349937,2.6775113413631795e+18,334.86638480645274,0.05474812,-1.441207275717775,0.050741374,1.9190730100600397,0.06300516,7.577179,-6.6283024755982805,0.059385657,3.6714096874791413,0.061443232,1.0996264,503635968.0,60.0,83.0,5.0,262144069.0,524416.0,196608.0,262144069.0,524416.0,196608.0,262144069.0,524416.0,196608.0,262144069.0,524416.0,196608.0,262144069.0,524416.0,196608.0
1.0672335149814934e+17,335.14978162,0.0038499999791383743,-1.05925712,0.004009999800473452,20.29707892557523,0.01796693874563054,19.189027575128385,0.005481765038784801,18.105869135328316,0.0025985223881675673,17.613998903338047,0.004798128407223097,17.415097071320673,0.006645552637809065,3600.0,5.25,-3.8,-34.710644,-35.721542,-36.595287,-36.865073,-37.264321,-37.534743,-37.866763,-37.442545,54.75558772213814,0.004131819746821411,1.6795200169896083,16.361654673096478,0.004131819746821411,15.531001968936863,0.004131819746821411,15.484685324661998,0.004131819746821411,2.677630496640965e+18,335.14977354864953,0.23350206,-1.0592614336170438,0.25189006,1.2973081261866721,0.271128,30.40367,-26.408261615762918,0.2770296,-15.066083548707992,0.28011137,0.96370625,503635968.0,60.0,80.0,5.0,262144069.0,524416.0,196608.0,262144069.0,524416.0,196608.0,262144069.0,524416.0,196608.0,262144069.0,524416.0,196608.0,262144069.0,524416.0,196608.0
1.0622334953044734e+17,334.95306265,0.00675999978557229,-1.47760037,0.009730000048875809,19.866221314508973,0.012101173714579038,19.483752716366283,0.008850296558958352,19.329188016027707,0.007633950490487236,19.23065925251203,0.016012343932871247,19.22841497317985,0.03745809931757023,5625.0,0.25,1.0,-38.070312,-38.415792,-38.554153,-38.608828,-38.629676,-38.567315,-38.419077,-37.965089,57.88339945451898,0.008814868614455131,0.0431962569043208,18.456894405477318,0.008814868614455131,18.106499701317702,0.008814868614455131,18.08995305704284,0.008814868614455131,2.677508175972284e+18,334.95306084270914,0.39854795,-1.477603696533296,0.34758705,0.6284395731094984,0.47114158,8.403203,-2.131563496962004,0.4190834,-8.12836125554313,0.43664965,0.91576993,436527104.0,52.0,74.0,5.0,262144069.0,524416.0,196608.0,262144069.0,524416.0,196608.0,262144069.0,524416.0,196608.0,262144069.0,524416.0,196608.0,262144005.0,524416.0,196608.0
1.066433510046633e+17,335.10048894,0.006399999838322401,-1.13095306,0.004900000058114529,19.36832004813453,0.007653216413451394,18.193953178846456,0.002385535635811804,17.16418151875701,0.0015820032057122248,16.749001003257497,0.002301431267558084,16.592198495661407,0.0034091282072620946,3600.0,5.25,-3.8,-34.710644,-35.721542,-36.595287,-36.865073,-37.264321,-37.534743,-37.866763,-37.442545,53.844904248931385,0.0018295789340345794,1.346818272500762,15.450971199889725,0.0018295789340345794,14.62031849573011,0.0018295789340345794,14.574001851455245,0.0018295789340345794,2.6776281601787156e+18,335.100503207901,0.13654982,-1.1309488946060846,0.12475238,2.218429140673494,0.16308041,30.196903,29.434737494358178,0.15603992,6.741602838216841,0.15753235,0.97820634,503635968.0,60.0,87.0,5.0,262144069.0,524416.0,196608.0,262144069.0,524416.0,196608.0,262144069.0,524416.0,196608.0,262144069.0,524416.0,196608.0,262144069.0,524416.0,196608.0
1.0657334989542555e+17,334.98953219,0.011830000206828117,-1.18742349,0.01209999993443489,22.67445924409423,0.16312431797117094,21.33556631564946,0.0331315442240182,20.362482981667753,0.014883066390732436,19.73311504508649,0.025605125619280602,19.592916814317483,0.044858038013381736,3500.0,5.25,-3.8,-34.337726,-35.495704,-36.362655,-36.694183,-37.110089,-37.41685,-37.655807,-37.27262,56.73977948016308,0.034983775687485674,1.60227758638867,18.46373943112142,0.034983775687485674,17.7261497269618,0.034983775687485674,17.638802082686937,0.034983775687485674,-999,-999,-999,-999,-999,-999,-999,-999,-999,-999,-999,-999,-999,436527104.0,52.0,58.0,10.0,195035141.0,655360.0,0.0,262144005.0,524416.0,0.0,262144069.0,524416.0,0.0,262144069.0,524416.0,0.0,195035141.0,524416.0,0.0
1.0630334885509891e+17,334.88555894,0.005979999899864197,-1.40966772,0.003969999961555004,19.61568340381002,0.008421767940640583,18.426261440885018,0.0031511206802869256,17.65944311968328,0.0019629890787660744,17.26426397628006,0.003471608423699072,17.10865685999895,0.006771566504774639,3600.0,5.25,-3.9,-35.051259,-36.089317,-36.781863,-36.949897,-37.401318,-37.628562,-37.949038,-37.48536,54.469592560131474,0.002388432464083274,0.8416654106947149,15.98184051108981,0.002388432464083274,15.162731806930196,0.002388432464083274,15.155875162655336,0.002388432464083274,2.677511856759255e+18,334.8855641341334,0.16285019,-1.4096770559376761,0.14777327,1.0139367416177574,0.1882778,26.682737,13.97468894107991,0.17090745,-22.73051949395663,0.17939794,1.0467755,503635968.0,60.0,82.0,5.0,262144069.0,524416.0,196608.0,262144069.0,524416.0,196608.0,262144069.0,524416.0,196608.0,262144069.0,524416.0,196608.0,262144069.0,524416.0,196608.0
1.0662335023882603e+17,335.02389387,0.004290000069886446,-1.1453838,0.003800000064074993,18.862163954879936,0.009018226161954362,18.2551312028517,0.002716838474066503,18.083618535956504,0.002612019208616509,18.080293974844555,0.006252894103375479,18.01195659543803,0.009721395027394426,5562.5,1.25,-2.4,-37.918933,-38.50958,-38.643738,-38.651086,-38.732794,-38.652987,-38.443288,-37.983955,56.74985905279415,0.0030274508398663367,0.02353494240121851,17.237682003752486,0.0030274508398663367,16.94874829959287,0.0030274508398663367,16.93754665531801,0.0030274508398663367,2.677627850941061e+18,335.02389790531527,0.1822387,-1.1453858474409067,0.17649968,0.2996908088131261,0.21918096,15.791948,14.789397202076659,0.22218265,-5.537088851482496,0.21722528,1.0985118,436527104.0,52.0,83.0,5.0,262144005.0,524416.0,196608.0,262144069.0,524416.0,196608.0,262144069.0,524416.0,196608.0,262144069.0,524416.0,196608.0,262144069.0,524416.0,196608.0
1.0669334866203806e+17,334.8662553,0.03034999966621399,-1.08535282,0.033080000430345535,22.03256262968472,0.09219426631231756,20.97210023591613,0.023978021728785215,20.764185811605724,0.022184022426867962,20.827864224549597,0.05442407607425386,20.48643925607067,0.09752902740581881,3900.0,5.25,-3.8,-36.38063,-37.420589,-37.654699,-37.56966,-37.871181,-37.889266,-38.206555,-37.68964,58.39598223156537,0.029692255125665035,0.027812073965079783,19.64752618252371,0.029692255125665035,18.831604478364092,0.029692255125665035,18.877984834089233,0.029692255125665035,-999,-999,-999,-999,-999,-999,-999,-999,-999,-999,-999,-999,-999,436527104.0,52.0,49.0,5.0,195035141.0,655360.0,196608.0,262144069.0,524416.0,196608.0,262144069.0,524416.0,196608.0,195035141.0,655360.0,196608.0,195035141.0,655360.0,196608.0
1.0654335072176083e+17,335.07224386,0.016300000250339508,-1.21633676,0.016990000382065773,22.653716848926702,0.12501933546980165,21.271051747280094,0.028752197604525843,20.853993726935904,0.02496600000219802,20.679640885709595,0.04868607757929096,20.593430619049467,0.10181502068067359,4000.0,5.25,-3.6,-35.746691,-36.860613,-37.328168,-37.471707,-37.666518,-37.774215,-37.986893,-37.58385,58.22510616558035,0.03453488488515518,0.29497569263444384,19.59170111653869,0.03453488488515518,18.88039041237907,0.03453488488515518,18.812898768104212,0.03453488488515518,-999,-999,-999,-999,-999,-999,-999,-999,-999,-999,-999,-999,-999,436527104.0,52.0,50.0,5.0,195035141.0,655360.0,196608.0,262144005.0,524416.0,196608.0,262144005.0,524416.0,196608.0,195035141.0,524288.0,196608.0,195035141.0,655360.0,196608.0
1.0644335212683632e+17,335.21271887,0.009960000403225422,-1.2951725,0.010180000215768814,21.756670227283948,0.062126016906768736,20.70842174280767,0.021612033935767352,20.27488965589525,0.01287016846562709,20.07109537845991,0.027360170624249135,19.83257532690063,0.05748405258526724,3800.0,5.25,-3.8,-35.867083,-36.863333,-37.336236,-37.374505,-37.714677,-37.807618,-38.129643,-37.640044,57.559897266269495,0.01848822161495074,0.2794329021401925,18.893089217227836,0.01848822161495074,18.072431513068217,0.01848822161495074,18.091495868793352,0.01848822161495074,2.6776102974095964e+18,335.212720389863,1.7183316,-1.2951726365001275,1.9902666,nan,nan,nan,nan,nan,nan,nan,nan,436527104.0,52.0,69.0,10.0,195035141.0,655360.0,196608.0,262144069.0,524416.0,196608.0,262144069.0,524416.0,196608.0,262144069.0,524416.0,196608.0,195035141.0,524416.0,196608.0
1.0626334915178051e+17,334.9151809,0.012729999609291553,-1.44998857,0.00622999994084239,19.104894220592644,0.006627311800161789,18.659156019438907,0.003979487396288872,18.515936488805327,0.003697206599503773,18.383666629531707,0.008403669726102535,18.30302399618596,0.014989258429250672,5437.5,0.5,1.0,-37.831292,-38.247985,-38.424137,-38.488915,-38.516814,-38.488741,-38.383507,-37.93275,56.895164070910916,0.0038404502412997077,0.0909851443195061,17.547233021869257,0.0038404502412997077,17.153834317709638,0.0038404502412997077,17.134056673434777,0.0038404502412997077,2.6775085195696783e+18,334.9151850810259,0.22012976,-1.4499896654359197,0.19434261,0.20718743063546313,0.2631427,10.722464,-2.656164759384875,0.21356888,-10.388263713691003,0.22969878,0.9713416,436527104.0,52.0,84.0,5.0,262144069.0,524416.0,196608.0,262144069.0,524416.0,196608.0,262144069.0,524416.0,196608.0,262144069.0,524416.0,196608.0,262144069.0,524416.0,196608.0
1.065433481738852e+17,334.81739857,0.003809999907389283,-1.21269189,0.0044999998062849045,18.10311772324406,0.0034218939625651635,17.526573027702227,0.001860229751620908,17.353791370219774,0.00163431391766477,17.25218954940667,0.0031727932571402086,17.261051371831467,0.006257629373048488,5375.0,1.25,-0.1,-37.739783,-38.259696,-38.43296,-38.477694,-38.524668,-38.504593,-38.397343,-37.945229,55.78630480848084,0.0016378685835477993,0.04520120001790298,16.42252175943918,0.0016378685835477993,16.031139055279567,0.0016378685835477993,16.012718411004705,0.0016378685835477993,2.677623693412677e+18,334.8173990104879,0.12667894,-1.2126916341055087,0.10989711,-0.016145299527988956,0.14793836,2.1257906,0.10966637698708726,0.14979537,-2.1229599142877786,0.14029278,1.1360097,503635968.0,60.0,83.0,10.0,262144069.0,524416.0,196608.0,262144069.0,524416.0,196608.0,262144069.0,524416.0,196608.0,262144069.0,524416.0,196608.0,262144069.0,524416.0,196608.0
1.0642334963317538e+17,334.96338786,0.013129999861121178,-1.31258941,0.012740000151097775,22.906728898217047,0.15499721354427012,21.452648063043995,0.04549432763167658,20.402766744203298,0.015667041681818695,20.010543806941683,0.029281112591095202,19.758549261998038,0.05470503323500394,3500.0,5.25,-3.8,-34.337726,-35.495704,-36.362655,-36.694183,-37.110089,-37.41685,-37.655807,-37.27262,56.90631875488082,0.03475016573429343,1.413046085641476,18.630278705839164,0.03475016573429343,17.892689001679543,0.03475016573429343,17.80534135740468,0.03475016573429343,-999,-999,-999,-999,-999,-999,-999,-999,-999,-999,-999,-999,-999,436527104.0,52.0,54.0,5.0,195035141.0,655360.0,196608.0,195035141.0,524416.0,196608.0,262144069.0,524416.0,196608.0,262144005.0,655488.0,196608.0,195035141.0,655360.0,196608.0
1.0658335041203797e+17,335.04112223,0.012029999867081642,-1.17707362,0.011699999682605267,22.022299182943293,0.0802310606152484,20.783295249432843,0.020620000195171694,20.200315132201425,0.018356054272362088,19.993944642840678,0.026966162218374046,19.91023356289331,0.05137505403802031,4000.0,5.25,-3.6,-35.746691,-36.860613,-37.328168,-37.471707,-37.666518,-37.774215,-37.986893,-37.58385,57.596756954062315,0.02055793988330895,0.4148817730804883,18.963351905020655,0.02055793988330895,18.252041200861036,0.02055793988330895,18.184549556586177,0.02055793988330895,2.6776274772786806e+18,335.0411166291833,2.839785,-1.1770800122865699,1.7117463,nan,nan,nan,nan,nan,nan,nan,nan,436527104.0,52.0,53.0,5.0,195035141.0,655360.0,196608.0,262144069.0,524416.0,196608.0,262144069.0,524416.0,196608.0,262144005.0,524416.0,196608.0,195035141.0,524416.0,196608.0
1.0640335054342126e+17,335.05433044,0.02360999956727028,-1.33268112,0.0771000012755394,21.257896932354846,0.04110603488595367,21.239808172312266,0.03736807404847883,20.945773696301007,0.025914134386746654,20.966026022129512,0.06691407336635463,20.750977022427644,0.14388502387413027,5875.0,0.0,1.0,-38.390004,-38.615511,-38.694878,-38.744747,-38.761012,-38.653115,-38.462915,-37.998003,59.67332676910505,0.03402235425886288,0.4207204713629171,20.161021720063392,0.03402235425886288,19.852589015903774,0.03402235425886288,19.846966371628916,0.03402235425886288,-999,-999,-999,-999,-999,-999,-999,-999,-999,-999,-999,-999,-999,436527104.0,52.0,49.0,5.0,195035141.0,524416.0,196608.0,262144069.0,655488.0,196608.0,262144005.0,655488.0,196608.0,195035141.0,655360.0,196608.0,195035141.0,655360.0,196608.0
1.0670335019255798e+17,335.01926095,0.0019399999873712659,-1.07710368,0.0031999999191612005,18.385301564113895,0.0037324281683115803,17.170027817719827,0.0013529595748116691,16.39557628639943,0.000955918417759246,16.029869025304933,0.001715306071759698,15.805162371611644,0.0021148527292035725,3600.0,5.25,-3.9,-35.051259,-36.089317,-36.781863,-36.949897,-37.401318,-37.628562,-37.949038,-37.48536,53.211918213029946,0.0009816348944516416,0.797457819917337,14.724166163988283,0.0009816348944516416,13.905057459828669,0.0009816348944516416,13.898200815553809,0.0009816348944516416,2.6776295002085427e+18,335.0192627716963,0.081738725,-1.0771065275924996,0.08649258,1.63513221851984,0.0935002,7.4981475,4.602805486530896,0.10430621,-5.91915503382132,0.10650486,1.144087,503635968.0,60.0,87.0,5.0,262144069.0,524416.0,196608.0,262144069.0,524416.0,196608.0,262144069.0,524416.0,196608.0,262144069.0,524416.0,196608.0,262144069.0,524416.0,196608.0
1.0660335226498656e+17,335.22650477,0.0026499999221414328,-1.16155757,0.0017099999822676182,17.31190543816912,0.002410903727471157,16.630426111105965,0.001117171585073014,16.484565009350863,0.0008949285113540624,16.41400120414245,0.0020677624238461833,16.342063976472684,0.0033791717442186162,5375.0,0.0,-2.2,-37.706859,-38.339459,-38.49472,-38.515076,-38.623129,-38.556388,-38.36819,-37.913955,54.97244094784821,0.0009706877828109097,0.02867957075437122,15.556862898806553,0.0009706877828109097,15.246428194646938,0.0009706877828109097,15.230128550372074,0.0009706877828109097,2.6776166883210583e+18,335.22650719033845,0.059907217,-1.1615594274472945,0.05881887,0.5143124648638105,0.06865523,8.366074,6.397159701871122,0.072754525,-5.391430987040752,0.0671306,0.9659952,503635968.0,60.0,85.0,5.0,262144069.0,524416.0,196608.0,262144069.0,524416.0,196608.0,262144069.0,524416.0,196608.0,262144069.0,524416.0,196608.0,262144069.0,524416.0,196608.0
1.0670334995990526e+17,334.99600941,0.006769999861717224,-1.07939941,0.008779999800026417,20.625953654513054,0.02266037582329617,19.78395035340629,0.009212885195185826,19.38236243662195,0.008365709255328356,19.235760498396722,0.01541934533003508,19.232235068579175,0.029286123412379326,4750.0,0.25,0.3,-36.805904,-37.558412,-37.878805,-38.007519,-38.085553,-38.1674,-38.206179,-37.775742,57.319291002303444,0.008399495728552694,0.20556832729095487,18.292700953261782,0.008399495728552694,17.75528924910217,0.008399495728552694,17.715191604827304,0.008399495728552694,2.6776324207863025e+18,334.99601241137117,0.49434814,-1.079407537153398,0.69760114,0.10452227448410677,0.6469089,28.153103,7.558167093532315,0.71377,-27.119574359681536,0.90550476,0.93371606,436527104.0,52.0,75.0,5.0,262144005.0,524416.0,196608.0,262144069.0,524416.0,196608.0,262144069.0,524416.0,196608.0,262144069.0,524416.0,196608.0,262144069.0,524416.0,196608.0
1.0648334789691394e+17,334.78960602,0.009159999899566174,-1.26383411,0.010830000042915344,20.58898436346245,0.024813116172812188,20.334738899800463,0.014068512960695318,20.261387901740175,0.013842400317129548,20.27492908927222,0.038194138715616215,20.440879089544516,0.09731903578206712,6625.0,5.0,-0.3,-38.922604,-39.155909,-39.192369,-39.154224,-39.126613,-38.977035,-38.725419,-38.235067,59.49052766876396,0.0218494968321464,0.0511464256654868,19.654302619722298,0.0218494968321464,19.40728591556268,0.0218494968321464,19.42710327128782,0.0218494968321464,2.6776201199998536e+18,334.78959993268825,1.0705386,-1.2638345525021555,1.4810547,-2.4695160712644335,1.1017718,5.308886,-1.606865785334714,1.3818548,-5.059866974647974,1.7850864,0.9687854,436527104.0,52.0,64.0,10.0,262144069.0,524416.0,196608.0,262144069.0,524416.0,196608.0,262144069.0,524416.0,196608.0,262144005.0,524416.0,196608.0,195035141.0,524416.0,196608.0
1.0646334984325133e+17,334.98433146,0.004550000187009573,-1.28260841,0.0025500000920146704,18.65468123293332,0.004363705110157605,18.366316658288344,0.0030598509389091547,18.236573832846005,0.0029229126264919162,18.21034216719503,0.007081800588751696,18.159394568470294,0.01173233398964901,5750.0,0.5,0.5,-38.232689,-38.51426,-38.621423,-38.664216,-38.6853,-38.616923,-38.46941,-37.999067,56.86903929194659,0.0029983167858142145,0.0264022993435325,17.39292624290493,0.0029983167858142145,17.041806538745313,0.0029983167858142145,17.041614894470456,0.0029983167858142145,2.677608850005658e+18,334.98433037300083,0.21722887,-1.2826104871851307,0.188398,0.04658997744826504,0.2718253,6.276925,-2.876107210815471,0.25606328,-5.579229203811676,0.2552475,1.1437651,436527104.0,52.0,85.0,5.0,262144069.0,524416.0,196608.0,262144069.0,524416.0,196608.0,262144069.0,524416.0,196608.0,262144069.0,524416.0,196608.0,262144069.0,524416.0,196608.0
1.0656335229719773e+17,335.22973764,0.0026400000788271427,-1.19392922,0.0043299999088048935,18.26683735891428,0.003855806084575235,17.849371403740545,0.002174964682314992,17.6695451366969,0.0019643907238669845,17.633168107928583,0.00442428426171717,17.58572499423143,0.008191479777773429,5562.5,0.25,0.2,-38.006689,-38.400794,-38.541121,-38.588999,-38.620479,-38.564625,-38.424374,-37.966882,56.23254580030235,0.0020988680284889654,0.040886707909971204,16.808730751260686,0.0020988680284889654,16.45034904710107,0.0020988680284889654,16.43730640282621,0.0020988680284889654,2.6776135272251264e+18,335.22973875506347,0.117582135,-1.1939301951582186,0.11250459,0.3385615270030277,0.13514225,5.5460205,2.249340282000034,0.14021674,-5.069399476755824,0.13046116,0.95265454,503635968.0,60.0,87.0,10.0,262144069.0,524416.0,0.0,262144069.0,524416.0,0.0,262144069.0,524416.0,0.0,262144069.0,524416.0,0.0,262144069.0,524416.0,0.0
1.0667335102803578e+17,335.10281408,0.01355000026524067,-1.10390525,0.012470000423491001,22.368344954685192,0.09962010961151832,20.972752693621548,0.021880051650629277,20.366087308089117,0.01571701900225501,20.19687065541557,0.03707710884134911,20.060563250474857,0.05480804259865915,3900.0,5.25,-3.6,-35.248419,-36.397096,-36.956613,-37.155541,-37.339554,-37.557047,-37.86824,-37.466189,57.41236837245725,0.024518206393692066,0.4686342196789717,18.996131323415593,0.024518206393692066,18.186305619255975,0.024518206393692066,18.117821974981112,0.024518206393692066,-999,-999,-999,-999,-999,-999,-999,-999,-999,-999,-999,-999,-999,436527104.0,52.0,56.0,5.0,195035141.0,655360.0,196608.0,262144005.0,524416.0,196608.0,262144005.0,524416.0,196608.0,262144069.0,524416.0,196608.0,195035141.0,655360.0,196608.0
1.0639334971020514e+17,334.97103068,0.0028200000524520874,-1.3377754,0.002950000111013651,19.026766186404828,0.006352613712608584,18.415551483326585,0.0038236611000959974,18.18707619001615,0.0029887449420578287,18.077102277249907,0.005728982644700003,18.022667190924743,0.014280271606449416,5062.5,4.0,0.2,-37.342145,-37.890329,-38.114322,-38.199873,-38.253442,-38.298262,-38.299666,-37.858614,56.30585486558445,0.003467887430790829,0.08089058412772122,17.148402816542788,0.003467887430790829,16.648366112383172,0.003467887430790829,16.618883468108308,0.003467887430790829,2.6776064147592284e+18,334.9710258431886,0.27886733,-1.3377820802236833,0.32034883,0.800996460561518,0.28943408,7.5955787,-3.026247435079778,0.29311085,-6.96668104799641,0.3995676,1.1384159,436527104.0,52.0,76.0,5.0,262144069.0,524416.0,196608.0,262144069.0,524416.0,196608.0,262144069.0,524416.0,196608.0,262144069.0,524416.0,196608.0,262144069.0,524416.0,196608.0
1.063933478461647e+17,334.784811,0.02046000026166439,-1.33817767,0.018950000405311584,21.285676821219553,0.044545130385144335,21.105590067818714,0.029055057564675735,21.083469044414265,0.03392208553730962,20.813111365408183,0.06425807669612654,20.837258290699708,0.1502500233837477,5937.5,0.0,1.0,-38.45924,-38.663071,-38.73094,-38.77916,-38.793521,-38.673589,-38.47196,-38.005855,59.71020751791208,0.03503332290595267,0.17473915519302963,20.17742846887042,0.03503332290595267,19.880424764710803,0.03503332290595267,19.875995120435945,0.03503332290595267,-999,-999,-999,-999,-999,-999,-999,-999,-999,-999,-999,-999,-999,436527104.0,52.0,48.0,10.0,195035141.0,524416.0,196608.0,262144005.0,524416.0,196608.0,262144005.0,655488.0,196608.0,195035141.0,655360.0,196608.0,195035141.0,655360.0,196608.0
1.0670335030455941e+17,335.03046014,0.017640000209212303,-1.07587679,0.01810000091791153,22.177656627083355,0.08890023872188378,21.249189060785348,0.02834301267571166,20.86462939164934,0.02643502290028099,20.592372250634497,0.04564609317404534,20.483246302003938,0.08569602665191045,4250.0,2.5,0.3,-36.028821,-36.862143,-37.246409,-37.434587,-37.557011,-37.766492,-38.003622,-37.602022,58.099212926431306,0.027446503641856048,0.29803089917583675,19.473530877389646,0.027446503641856048,18.73776817323003,0.027446503641856048,18.66883352895517,0.027446503641856048,-999,-999,-999,-999,-999,-999,-999,-999,-999,-999,-999,-999,-999,436527104.0,52.0,43.0,5.0,195035141.0,655360.0,196608.0,262144069.0,524416.0,196608.0,262144005.0,524416.0,196608.0,195035141.0,524288.0,196608.0,195035141.0,655360.0,196608.0
1.0655334788161979e+17,334.78826801,758.1060180664062,-1.20075284,185.4530029296875,20.800927389260796,0.037162182830763245,19.69978376745682,0.011490397973182142,18.531442963100005,0.0037791558855778426,17.908110039389772,0.004612103297308071,17.599509020897486,0.007584442928127411,3600.0,5.25,-3.7,-34.370028,-35.353768,-36.408712,-36.78025,-37.127324,-37.440923,-37.784489,-37.399731,54.915971036020984,0.00801532125093372,2.341339403247302,16.615857986979325,0.00801532125093372,15.773659282819708,0.00801532125093372,15.687882638544844,0.00801532125093372,2.677623968290591e+18,334.7882671736001,0.87986296,-1.2007551228417699,0.6950553,1.6657866970047062,0.9262302,11.15083,10.266502641042104,1.0842451,-4.352003091389509,0.82500964,1.8919853,436527104.0,52.0,9.0,20.0,262144005.0,524416.0,196608.0,262144069.0,524416.0,196608.0,262144069.0,524416.0,196608.0,262144069.0,524416.0,196608.0,262144069.0,524416.0,196608.0
1.0636334783963579e+17,334.78400936,0.004519999958574772,-1.36213154,0.0034600000362843275,20.27448443865459,0.02081764046782145,18.996295137941573,0.005268680557951412,18.402162647023417,0.003703680433611742,18.12795270267577,0.005752933189944883,17.883241683655694,0.013911261233380854,3700.0,5.25,-3.8,-35.321296,-36.317193,-36.986985,-37.128968,-37.499213,-37.672445,-37.998751,-37.539705,55.38755832199021,0.005297055135128821,0.4952140216348347,16.855923272948548,0.005297055135128821,16.030984568788938,0.005297055135128821,16.019495924514075,0.005297055135128821,2.677524565567525e+18,334.7840100126373,0.2968399,-1.3621330867251096,0.26775497,1.2418939019189188,0.36852136,8.219085,-0.22543002790053973,0.33671838,-8.21599248801486,0.37726742,1.1198217,436527104.0,52.0,70.0,10.0,262144005.0,524416.0,196608.0,262144069.0,524416.0,196608.0,262144069.0,524416.0,196608.0,262144069.0,524416.0,196608.0,262144069.0,524416.0,196608.0
1.063233480730423e+17,334.80736381,0.008569999597966671,-1.39847439,0.011490000411868095,20.709502670355413,0.02574112891356362,20.210858277168523,0.01435348614776835,20.118738582200272,0.013394406643279759,20.2132662709133,0.04632211274648249,20.138423930131843,0.10815502977401775,6000.0,2.5,-2.5,-38.403337,-38.864412,-38.951008,-38.923951,-38.958396,-38.831464,-38.573225,-38.109537,59.098378746153884,0.024405972225159087,0.015257303180336391,19.407724697112226,0.024405972225159087,19.167330992952607,0.024405972225159087,19.16048434867774,0.024405972225159087,2.6775125052993505e+18,334.8073729106146,0.95425326,-1.39848033486652,0.8716996,1.1190515209423906,1.2108625,9.845167,8.793172114886113,1.5325842,-4.428028956384086,1.169443,1.1427124,444915712.0,53.0,49.0,10.0,262160391.0,655488.0,0.0,262160391.0,524416.0,0.0,262160391.0,524416.0,0.0,262160391.0,524416.0,0.0,195035141.0,524416.0,0.0
1.0631335160009978e+17,335.16003488,0.002950000111013651,-1.40055604,0.0033499998971819878,19.41091715643165,0.00695931388100378,18.474770670201153,0.003105392527855944,18.106819804668937,0.0028528289971274075,17.92296979092533,0.0049451351375618185,17.833346257563377,0.01010238272169873,4562.5,0.5,-0.1,-36.485797,-37.348434,-37.652014,-37.793402,-37.936436,-38.067549,-38.152384,-37.722398,55.7929813359581,0.0027765204405346775,0.20169416614444136,16.866242286916442,0.0027765204405346775,16.28277458275683,0.0027765204405346775,16.242225938481965,0.0027765204405346775,2.6775564857642895e+18,335.1600351643157,0.2429749,-1.4005611489047427,0.22520319,0.8250493335602503,0.26922938,19.569834,0.4371094098908858,0.321866,-19.564952261019897,0.29290733,1.0396048,503635968.0,60.0,93.0,5.0,262144069.0,524416.0,196608.0,262144069.0,524416.0,196608.0,262144069.0,524416.0,196608.0,262144069.0,524416.0,196608.0,262144069.0,524416.0,196608.0
1.0659335086596552e+17,335.08659112,0.005499999970197678,-1.17078571,0.006320000160485506,15.378320827698268,0.0007299981353347618,14.796713393777924,0.0003898622514439018,14.608409639772956,0.00034913865931243676,14.505593325676788,0.0007318868416311084,14.383455146460639,0.0009522000755003643,5125.0,4.0,0.2,-37.421182,-37.95194,-38.167227,-38.247028,-38.296158,-38.330459,-38.318072,-37.874419,52.75120546667731,0.0002999420603286763,0.09777207866493086,13.561556417635654,0.0002999420603286763,13.075310713476036,0.0002999420603286763,13.048429069201172,0.0002999420603286763,2.6776158980470835e+18,335.0865945442533,0.028782144,-1.1707883974504334,0.03222536,0.3131855232702605,0.03386895,9.411038,5.667487757426011,0.03763775,-7.513136694386796,0.040472098,1.0868102,503635968.0,60.0,92.0,5.0,262144069.0,524416.0,196608.0,262144069.0,524416.0,196608.0,262144069.0,524416.0,196608.0,262144069.0,524416.0,196608.0,262144069.0,524416.0,196608.0
1.0625334882004629e+17,334.88201562,0.006140000186860561,-1.45350789,0.004019999876618385,20.336062867755377,0.015138077932263124,19.219613467407118,0.006505635815971607,18.70722966270741,0.004222641399987856,18.44001694173772,0.009417580573773909,18.26700084770056,0.017352214367841987,3700.0,5.25,-3.9,-35.71008,-36.718308,-37.208436,-37.24002,-37.662846,-37.780598,-38.100624,-37.598092,55.90192275746164,0.00521193080758861,0.398427350988166,17.262134708419982,0.00521193080758861,16.44347600426036,0.00521193080758861,16.4754733599855,0.00521193080758861,2.677511130909793e+18,334.8820051655179,0.32414386,-1.4535256414705744,0.2877712,1.4715169259708138,0.37997317,20.869904,-6.181069802955543,0.3551031,-19.933571266887157,0.35772204,1.0480372,436527104.0,52.0,75.0,5.0,262144069.0,524416.0,196608.0,262144069.0,524416.0,196608.0,262144005.0,524416.0,196608.0,262144069.0,524416.0,196608.0,262144069.0,524416.0,196608.0
1.064533509260457e+17,335.09263739,0.012280000373721123,-1.28726546,0.01245999988168478,22.730237120903162,0.11942013410840506,21.246689523103115,0.02813615083450076,20.457745887919682,0.01608799982757799,20.109110688195752,0.030285126259140465,19.850709254054443,0.05032904287238806,3500.0,5.25,-3.9,-34.511306,-35.645233,-36.434822,-36.706275,-37.18012,-37.486433,-37.757966,-37.336244,56.97444969483522,0.027394770728506657,0.891181631718978,18.628826645793563,0.027394770728506657,17.858660941633943,0.027394770728506657,17.809848297359082,0.027394770728506657,-999,-999,-999,-999,-999,-999,-999,-999,-999,-999,-999,-999,-999,436527104.0,52.0,57.0,5.0,195035141.0,655360.0,196608.0,262144005.0,524416.0,196608.0,262144005.0,524416.0,196608.0,262144069.0,524416.0,196608.0,195035141.0,655360.0,196608.0
1.0633334898188754e+17,334.89817399,0.011669999919831753,-1.3857726,0.007780000101774931,21.21576488741848,0.03180621759517336,20.03254051826107,0.0101245723559356,19.321283639832025,0.006025818265300623,18.99485539866771,0.015485334222395182,18.746046044937543,0.02438414067574976,3600.0,5.25,-3.9,-35.051259,-36.089317,-36.781863,-36.949897,-37.401318,-37.628562,-37.949038,-37.48536,56.116828897823375,0.008910297012653527,0.6745264651221154,17.62907684878171,0.008910297012653527,16.809968144622097,0.008910297012653527,16.803111500347235,0.008910297012653527,2.6775127458175734e+18,334.8981787068171,0.6170666,-1.3857739483396003,0.5066483,-0.8039353423007887,0.7598698,11.783741,7.7295215816456215,0.6624357,-8.894439257673664,0.66612595,1.1181191,436527104.0,52.0,75.0,5.0,262144005.0,524416.0,196608.0,262144069.0,524416.0,196608.0,262144069.0,524416.0,196608.0,262144069.0,524416.0,196608.0,262144069.0,524416.0,196608.0
1.0649334899620718e+17,334.89957558,0.009800000116229057,-1.25263107,0.009970000013709068,22.04161122652259,0.06434200116871402,20.8686206952341,0.02077202688501339,20.105924246796228,0.011929167405635698,19.693860764723464,0.027899167005202254,19.716452899374936,0.06675704492558168,3800.0,5.25,-3.7,-35.397698,-36.404124,-37.058686,-37.228045,-37.514694,-37.683869,-38.007623,-37.567673,57.20594336653027,0.01994847544759097,0.8741264157827199,18.662884317488608,0.01994847544759097,17.840497613328992,0.01994847544759097,17.809912969054132,0.01994847544759097,2.6776197076833234e+18,334.89958585193364,1.5004003,-1.2526247092413003,1.751674,0.5162809446700892,1.5869411,9.806982,9.28278239794448,1.7153765,3.1633609938175535,2.0547643,1.0120265,436527104.0,52.0,60.0,5.0,195035141.0,655360.0,196608.0,262144069.0,524416.0,196608.0,262144069.0,524416.0,196608.0,262144005.0,524416.0,196608.0,195035141.0,524416.0,196608.0
1.0661334937749563e+17,334.93775528,0.0022899999748915434,-1.15405331,0.001820000004954636,16.539352674890324,0.0014301051506409213,15.8268743485309,0.0006415701038100935,15.536632384125028,0.0005903788420217677,15.39072637331259,0.001646480002526088,15.259994762633243,0.0015545579478994517,4700.0,4.0,-1.6,-36.731819,-37.36648,-37.651371,-37.783224,-37.868712,-37.982182,-38.075466,-37.651744,53.19103730869841,0.000563308332237158,0.15848506037730975,14.34966525965675,0.000563308332237158,13.757748555497137,0.000563308332237158,13.710935911222274,0.000563308332237158,2.677622838714246e+18,334.937755109348,0.04157178,-1.1540544208487273,0.03979629,-0.06281021851254696,0.047350552,3.1259592,1.6360607877114952,0.048987433,-2.663630197663329,0.05104983,0.9952582,503635968.0,60.0,77.0,5.0,262144069.0,524416.0,196608.0,262144069.0,524416.0,196608.0,262144069.0,524416.0,196608.0,262144069.0,524416.0,196608.0,262144069.0,524416.0,196608.0
1.0651334774265098e+17,334.77432619,0.015370000153779984,-1.24118587,0.011239999905228615,20.842242988806095,0.026115571849032435,19.52952265940166,0.007185996755068224,18.149348364392573,0.0027030439697000733,17.47747103470447,0.0046641293203085864,17.194280838379477,0.006261563835199627,3400.0,5.25,-3.8,-33.558321,-34.70938,-35.862082,-36.340758,-36.805771,-37.241216,-37.538762,-37.180821,54.093835577136865,0.00566367150546993,2.85431185233915,15.993429528095202,0.00566367150546993,15.19725082393559,0.00566367150546993,15.084657179660725,0.00566367150546993,2.6776231780165816e+18,334.77432874361256,0.28240058,-1.241187002377163,0.23935671,2.4237166036567106,0.3275806,17.045605,17.041462342504325,0.28044465,0.37580804688819647,0.28056028,1.0392649,503635968.0,60.0,72.0,5.0,262144069.0,524416.0,196608.0,262144069.0,524416.0,196608.0,262144069.0,524416.0,196608.0,262144069.0,524416.0,196608.0,262144069.0,524416.0,196608.0
1.0666334929094723e+17,334.92909892,0.005940000060945749,-1.11106411,0.004720000084489584,18.863029555725287,0.005155605700184742,18.492792705561634,0.0031915229881003993,18.30520768941453,0.0033804739771383565,18.269062904828356,0.006934814938162493,18.221918253468857,0.012585310124577084,5625.0,0.75,0.6,-38.055481,-38.40824,-38.55018,-38.598782,-38.619694,-38.566936,-38.432749,-37.975814,56.876877621799736,0.003191710404079947,0.04790330493832678,17.450751572758076,0.003191710404079947,17.08630586859846,0.003191710404079947,17.072706224323596,0.003191710404079947,2.6776260642346885e+18,334.9290986287975,0.17699379,-1.1110665097687633,0.1719845,0.005380232536247399,0.20426506,6.9981256,0.43993017481829244,0.21696872,-6.984284153205977,0.20795673,1.0013324,436527104.0,52.0,78.0,5.0,262144069.0,524416.0,196608.0,262144069.0,524416.0,196608.0,262144069.0,524416.0,196608.0,262144069.0,524416.0,196608.0,262144069.0,524416.0,196608.0
1.0636334891563904e+17,334.89161911,0.004689999856054783,-1.35957229,0.00571999978274107,21.339618163786184,0.03999128222515666,20.04236093395453,0.01153533258032433,18.324655882881707,0.003588119160704844,17.593217450618624,0.0042241905795070275,17.161037106464754,0.006074543963777974,3300.0,5.25,-3.8,-32.799245,-33.959274,-35.344366,-35.974692,-36.505243,-37.08511,-37.431327,-37.101567,53.80874190754116,0.008485246068988471,4.421634099324287,15.8644418584995,0.008485246068988471,15.019592154339882,0.008485246068988471,14.878817510065021,0.008485246068988471,2.677606650982692e+18,334.89163498045525,0.31819272,-1.3595880620830307,0.27349505,3.894520041744068,0.37742817,64.84883,45.21256676052215,0.3173815,-46.488656085129925,0.3442949,1.027213,503635968.0,60.0,74.0,5.0,195035141.0,655488.0,196608.0,262144069.0,524416.0,196608.0,262144069.0,524416.0,196608.0,262144069.0,524416.0,196608.0,262144069.0,524416.0,196608.0
1.0654334882944282e+17,334.88296962,0.010350000113248825,-1.21472017,0.010579999536275864,22.282407415050518,0.09287306009191731,21.084863991546495,0.028016016787370587,20.17368994791596,0.01309703980072513,19.740587231327737,0.020885200885233265,19.54728139145841,0.041388062323725515,3600.0,5.25,-3.8,-34.710644,-35.721542,-36.595287,-36.865073,-37.264321,-37.534743,-37.866763,-37.442545,56.79713939545983,0.021661946595759145,1.1462278834037853,18.40320634641817,0.021661946595759145,17.572553642258555,0.021661946595759145,17.526236997983688,0.021661946595759145,2.6776205666770985e+18,334.88296988107425,8.290845,-1.2147259631881127,5.086068,nan,nan,nan,nan,nan,nan,nan,nan,436527104.0,52.0,58.0,10.0,195035141.0,655360.0,196608.0,262144069.0,524416.0,196608.0,262144069.0,524416.0,196608.0,262144069.0,524416.0,196608.0,195035141.0,524416.0,196608.0
1.0633335191695027e+17,335.1917495,0.009630000218749046,-1.39178924,0.01075000036507845,19.517070340732687,0.009648678837652032,19.267212570700924,0.006868785382225217,19.10097277855632,0.0074190183566881784,19.135341114041402,0.013059424350645324,19.153195344727447,0.02665514232563582,6250.0,4.5,0.8,-38.523456,-38.783868,-38.876138,-38.881505,-38.869826,-38.771746,-38.588203,-38.111453,58.021717029751755,0.0065615980556149025,0.02730035120476136,18.390780980710094,0.0065615980556149025,18.07569127655048,0.0065615980556149025,18.08190663227562,0.0065615980556149025,2.6775568293616814e+18,335.19174992214886,0.38840637,-1.3917914245397351,0.33563134,1.155868829455696,0.47108504,9.341131,-1.8930637435548625,0.39660677,-9.147297345850788,0.3801686,1.0060617,436527104.0,52.0,80.0,10.0,262144069.0,524416.0,0.0,262144069.0,524416.0,0.0,262144005.0,524416.0,0.0,262144069.0,524416.0,0.0,262144069.0,524416.0,0.0
1.0650334820226336e+17,334.82023226,0.0026000000070780516,-1.24756768,0.002580000087618828,19.882703745114902,0.013831432602897837,18.760343377956982,0.00452343755870951,17.683776449230894,0.0021403100616010176,17.203500447452225,0.0029558561850860842,17.01229686875481,0.004521827614519008,3600.0,5.25,-3.8,-34.710644,-35.721542,-36.595287,-36.865073,-37.264321,-37.534743,-37.866763,-37.442545,54.33989757770196,0.0031339109950231704,1.6183746953589315,15.945964528660301,0.0031339109950231704,15.115311824500687,0.0031339109950231704,15.068995180225821,0.0031339109950231704,2.6776202917985546e+18,334.82020756107806,0.19958608,-1.2475828245285492,0.17709202,1.2983745838158571,0.23609087,30.756918,-24.46303432295244,0.22214243,-18.64263927806455,0.2239502,1.053058,503635968.0,60.0,86.0,5.0,262144005.0,524416.0,196608.0,262144069.0,524416.0,196608.0,262144069.0,524416.0,196608.0,262144069.0,524416.0,196608.0,262144069.0,524416.0,196608.0
1.0660334861378032e+17,334.86137387,0.0033199999015778303,-1.16680679,0.0030400000978261232,19.359253435221422,0.008388467129457686,18.69780949191433,0.004645842250140762,18.440053185784507,0.0034472941016323367,18.30441440883824,0.006624844415303731,18.317881024347777,0.0145662636323557,5125.0,0.25,0.2,-37.403176,-37.992376,-38.223939,-38.304292,-38.358336,-38.37235,-38.314397,-37.873033,56.68030610922126,0.00379419908466914,0.09506804933733397,17.448766060179604,0.00379419908466914,17.008086356019987,0.00379419908466914,16.978915711745124,0.00379419908466914,2.677625377039886e+18,334.8613731159208,0.24544914,-1.1668077883797552,0.2111557,0.4778579420407799,0.28914702,6.2429695,-5.15290653688057,0.29662246,-3.524516951690675,0.27319717,1.0891876,436527104.0,52.0,78.0,5.0,262144069.0,524416.0,196608.0,262144069.0,524416.0,196608.0,262144069.0,524416.0,196608.0,262144069.0,524416.0,196608.0,262144069.0,524416.0,196608.0
1.066933497133679e+17,334.9713764,0.010060000233352184,-1.08551689,0.010449999943375587,22.377041569579983,0.09966806134503957,21.198891645275463,0.027102039210951206,20.103447397588447,0.011541026406001617,19.706610695239487,0.0327391236045718,19.532010558391455,0.04180605945063557,3600.0,5.25,-3.8,-34.710644,-35.721542,-36.595287,-36.865073,-37.264321,-37.534743,-37.866763,-37.442545,56.81497377321497,0.023341838053898018,1.4795763750805893,18.421040724173313,0.023341838053898018,17.590388020013698,0.023341838053898018,17.54407137573883,0.023341838053898018,-999,-999,-999,-999,-999,-999,-999,-999,-999,-999,-999,-999,-999,436527232.0,52.0,60.0,5.0,195035141.0,655360.0,196608.0,262144069.0,524416.0,196608.0,262144069.0,524416.0,196608.0,262144005.0,524416.0,196608.0,195035141.0,524416.0,196608.0
1.0656334974270347e+17,334.97426179,0.007780000101774931,-1.19749531,0.0036299999337643385,19.92507000138465,0.0173648428861913,18.84186617436894,0.004465237982741379,18.31970837511384,0.0036488301198631724,18.12101330328089,0.008190663504339913,17.960796835602675,0.011443322613819508,3800.0,5.25,-3.8,-35.867083,-36.863333,-37.336236,-37.374505,-37.714677,-37.807618,-38.129643,-37.640044,55.66485773795021,0.004616607763427707,0.3254664605995887,16.998049688908548,0.004616607763427707,16.17739198474893,0.004616607763427707,16.196456340474064,0.004616607763427707,2.6776217005478615e+18,334.97426048431487,0.2498156,-1.1974957301027287,0.20999053,0.6338184535624365,0.29570517,2.4043908,-2.278408025205514,0.26508844,-0.7680830228668142,0.27026737,1.0007015,436527104.0,52.0,74.0,10.0,262144005.0,524416.0,0.0,262144069.0,524416.0,0.0,262144069.0,524416.0,0.0,262144069.0,524416.0,0.0,262144069.0,524416.0,0.0
1.0629335017677301e+17,335.01766305,0.006430000066757202,-1.42283454,0.006430000066757202,22.35238620519549,0.1001970061687432,21.279192012422946,0.031471036364487705,19.52327900880658,0.00881703292731408,18.71869025465342,0.009104448850615178,18.363005167497956,0.016556146730334582,3500.0,4.5,-3.5,-33.372833,-34.103476,-35.74306,-36.384571,-36.701568,-37.178393,-37.614478,-37.297854,55.308412129715286,0.02141457749114397,4.783903114417063,17.270829080673625,0.02141457749114397,16.336111376514012,0.02141457749114397,16.182200732239146,0.02141457749114397,2.677602321655848e+18,335.0176655962022,1.1741078,-1.4228365144171955,0.82495224,0.894418869745641,1.4840078,5.011065,2.449263478824073,0.9616834,-4.371713657775138,1.1025305,1.0492388,436527104.0,52.0,60.0,5.0,195035141.0,655360.0,196608.0,262144069.0,524416.0,196608.0,262144069.0,524416.0,196608.0,262144069.0,524416.0,196608.0,262144069.0,524416.0,196608.0
1.0622334963831245e+17,334.96381988,0.002839999971911311,-1.48170567,0.002400000113993883,16.128639129189356,0.0011947188847762698,15.63822486960896,0.0007209559908058894,15.453818854660765,0.0006578817024566223,15.417479156260702,0.001141035244221732,15.347039180204442,0.001977015160727428,5500.0,0.0,-0.2,-37.929278,-38.403924,-38.544244,-38.578517,-38.632898,-38.572446,-38.416238,-37.960676,54.01481243798485,0.0005510168586549571,0.04367198879331669,14.58317638894319,0.0005510168586549571,14.240751684783575,0.0005510168586549571,14.225779040508714,0.0005510168586549571,2.6775074544177766e+18,334.96381508056277,0.044359118,-1.4817180107315717,0.042313106,0.9662552638402657,0.05316329,28.060644,-7.307417573231313,0.047830224,-27.09245940853146,0.052360177,1.0189664,503635968.0,60.0,69.0,5.0,262144069.0,524416.0,196608.0,262144069.0,524416.0,196608.0,262144069.0,524416.0,196608.0,262144069.0,524416.0,196608.0,262144069.0,524416.0,196608.0
1.0671334835678914e+17,334.83570886,0.010409999638795853,-1.06775883,0.025439999997615814,17.823822006088072,0.002851755489864943,17.174955015062974,0.0015599356170875045,16.931926603897153,0.0014779214291791515,16.889310366039837,0.002336439241710699,16.880376393093943,0.006617596220304814,5312.5,5.0,-2.1,-37.605063,-38.224265,-38.400622,-38.443916,-38.502563,-38.505354,-38.429036,-37.964324,55.3753638768364,0.0015748230163349555,0.06244277052543792,16.010819827794744,0.0015748230163349555,15.588505123635123,0.0015748230163349555,15.582682479360267,0.0015748230163349555,2.677814974076153e+18,334.83570984177965,0.08346777,-1.0677556894959022,0.08466152,0.7022521523740698,0.096968256,5.465122,5.308086525034926,0.101159215,-1.3006844073521975,0.09563731,1.0061592,503635968.0,60.0,77.0,5.0,262144069.0,524416.0,196608.0,262144069.0,524416.0,196608.0,262144069.0,524416.0,196608.0,262144069.0,524416.0,196608.0,262144069.0,524416.0,196608.0
1.0645335173836483e+17,335.17385632,0.0019000000320374966,-1.28802351,0.005489999894052744,19.126992894857178,0.007212317920993163,17.963633576334384,0.0024295612545138525,17.386636563628745,0.0018633071878575087,17.041933171603343,0.0025711815584868103,16.799919638496448,0.004386879689846584,3700.0,5.25,-3.8,-35.321296,-36.317193,-36.986985,-37.128968,-37.499213,-37.672445,-37.998751,-37.539705,54.314554168984024,0.001868131680360104,0.5551223413976812,15.78291911994236,0.001868131680360104,14.95798041578275,0.001868131680360104,14.946491771507889,0.001868131680360104,2.6776110146691727e+18,335.1738523385166,0.17500894,-1.2880239124583328,0.17065617,0.3563468466695543,0.20729828,11.505239,-11.114429445002855,0.19913574,-2.9732084866568944,0.20122297,1.3803533,503635968.0,60.0,73.0,5.0,262144069.0,524416.0,196608.0,262144069.0,524416.0,196608.0,262144069.0,524416.0,196608.0,262144069.0,524416.0,196608.0,262144069.0,524416.0,196608.0
1.067033510845695e+17,335.10849695,0.012400000356137753,-1.07579484,0.012350000441074371,22.163313267301678,0.08482907902615223,20.986103153817748,0.02433800403793544,20.337718257584537,0.01794004471769869,19.926144643320274,0.02818115252843101,19.87923403873442,0.06328303794865855,3800.0,5.25,-3.7,-35.397698,-36.404124,-37.058686,-37.228045,-37.514694,-37.683869,-38.007623,-37.567673,57.379152072151726,0.022723623428749937,0.6826813876435613,18.836093023110063,0.022723623428749937,18.013706318950447,0.022723623428749937,17.983121674675587,0.022723623428749937,-999,-999,-999,-999,-999,-999,-999,-999,-999,-999,-999,-999,-999,436527104.0,52.0,57.0,5.0,195035141.0,655360.0,196608.0,262144069.0,524416.0,196608.0,262144005.0,524416.0,196608.0,262144005.0,524416.0,196608.0,195035141.0,655360.0,196608.0
1.065133521945118e+17,335.21946256,0.012799999676644802,-1.24052025,0.01413000002503395,21.258058072698944,0.03563900109272757,20.899540717780074,0.023377180196322383,20.676030810731575,0.019556215850100263,20.539366312177048,0.04726210887256574,20.440222223015034,0.08918503684476625,5437.5,1.5,1.0,-37.808339,-38.219078,-38.3984,-38.461235,-38.488101,-38.470901,-38.385366,-37.936377,59.03767422728054,0.02225915925032125,0.19263021450863677,19.70758317823888,0.02225915925032125,19.294485474079266,0.02225915925032125,19.2729398298044,0.02225915925032125,-999,-999,-999,-999,-999,-999,-999,-999,-999,-999,-999,-999,-999,436527104.0,52.0,61.0,5.0,262144005.0,655488.0,196608.0,262144005.0,524416.0,196608.0,262144005.0,524416.0,196608.0,195035141.0,524288.0,196608.0,195035141.0,655360.0,196608.0
1.0668335192347955e+17,335.19234732,0.011479999870061874,-1.09236141,0.014480000361800194,22.01519602899113,0.07409404911657429,20.858530911046838,0.021640003419847606,20.377937787994597,0.015351089736219178,20.111217958723252,0.03955611365999656,19.883302860883774,0.0567110486231123,3700.0,5.25,-3.9,-35.71008,-36.718308,-37.208436,-37.24002,-37.662846,-37.780598,-38.100624,-37.598092,57.55717510952792,0.020952043320311618,0.3595738359612811,18.91738706048626,0.020952043320311618,18.09872835632664,0.020952043320311618,18.130725712051778,0.020952043320311618,2.6776184020133197e+18,335.1923442273266,11.6798115,-1.092367582293345,21.51689,nan,nan,nan,nan,nan,nan,nan,nan,436527104.0,52.0,57.0,10.0,195035141.0,655360.0,0.0,262144069.0,524416.0,0.0,262144069.0,524416.0,0.0,195035205.0,655488.0,0.0,195035141.0,524416.0,0.0
1.0653334889423365e+17,334.88941958,0.0029299999587237835,-1.2223393,0.003969999961555004,15.425769873601114,0.0008149271402817448,14.865112570149089,0.0004574304703178685,14.605857660840957,0.0003956677674792143,14.557099915837396,0.0008388688632753113,14.503563647466839,0.0008944695375059759,5250.0,0.5,0.2,-37.588974,-38.114956,-38.320212,-38.387967,-38.431992,-38.428577,-38.349894,-37.90547,52.960300933579084,0.00031835066104306817,0.07880391424784858,13.672533884537426,0.00031835066104306817,13.25258418037781,0.00031835066104306817,13.226473536102946,0.00031835066104306817,2.6776205709715395e+18,334.8894177094218,0.029584428,-1.222340513347063,0.028798502,0.8484964196804545,0.033971827,6.119595,-4.597352064959721,0.03704407,-4.039033919253559,0.036510788,1.0378699,503635968.0,60.0,81.0,5.0,262144069.0,524416.0,196608.0,262144069.0,524416.0,196608.0,262144069.0,524416.0,196608.0,262144069.0,524416.0,196608.0,262144069.0,524416.0,196608.0
1.0642335048022946e+17,335.04800762,0.014349999837577343,-1.30916896,0.014170000329613686,22.65492604394881,0.12268921797010154,21.568957036689376,0.036946133190448635,20.599938616505987,0.018490999952895694,20.159278721212814,0.029159128796288573,19.883873522029806,0.053253038686768506,3600.0,5.25,-3.8,-34.710644,-35.721542,-36.595287,-36.865073,-37.264321,-37.534743,-37.866763,-37.442545,57.20476818807736,0.028597705477630516,1.3704205979843025,18.8108351390357,0.028597705477630516,17.980182434876085,0.028597705477630516,17.933865790601217,0.028597705477630516,-999,-999,-999,-999,-999,-999,-999,-999,-999,-999,-999,-999,-999,436527104.0,52.0,52.0,5.0,195035141.0,655360.0,196608.0,262144069.0,524416.0,196608.0,262144069.0,524416.0,196608.0,262144005.0,524416.0,196608.0,195035141.0,655360.0,196608.0
1.0638334961685822e+17,334.96169024,0.0030799999367445707,-1.34350488,0.0022299999836832285,20.362651991395794,0.017474920250416297,19.182300300684634,0.006616486979915942,18.38706171839388,0.003641817189083195,18.01166705959518,0.005435997807448519,17.843960210457357,0.011412322794188077,3600.0,5.25,-3.9,-35.051259,-36.089317,-36.781863,-36.949897,-37.401318,-37.628562,-37.949038,-37.48536,55.212259056105374,0.004570359959013463,0.861332549703171,16.72450700706371,0.004570359959013463,15.905398302904096,0.004570359959013463,15.898541658629236,0.004570359959013463,2.677606376104444e+18,334.9616906420067,0.31801975,-1.3435049258595149,0.2562217,1.1407818454508993,0.41087064,1.1787752,0.8238582534017891,0.31839564,-0.8430708891232371,0.35935283,1.0402532,503635968.0,60.0,73.0,5.0,262144069.0,524416.0,196608.0,262144069.0,524416.0,196608.0,262144069.0,524416.0,196608.0,262144069.0,524416.0,196608.0,262144069.0,524416.0,196608.0
1.0641334914448293e+17,334.9144408,0.003289999905973673,-1.32296523,0.007639999967068434,20.912757830753204,0.026810497657528985,19.66756699193823,0.009936704660081145,18.398776620149338,0.0035085546283862923,17.87874555958326,0.005845899361908855,17.56645043987717,0.00746847149677369,3400.0,5.25,-3.9,-33.768109,-34.920906,-35.953811,-36.371386,-36.883879,-37.315431,-37.613851,-37.226192,54.46447768846024,0.006065652299873787,2.263179744752522,16.289856639418584,0.006065652299873787,15.49280393525897,0.006065652299873787,15.409928290984107,0.006065652299873787,2.6776070289394913e+18,334.91443984533436,0.32548597,-1.3229701814608903,0.27504435,1.6324095719978278,0.3698016,15.560911,-3.3281723625317197,0.3310786,-15.200829462158941,0.3479151,0.9978618,503635968.0,60.0,67.0,5.0,262144005.0,524416.0,196608.0,262144005.0,524416.0,196608.0,262144069.0,524416.0,196608.0,262144069.0,524416.0,196608.0,262144069.0,524416.0,196608.0
1.0633335012165746e+17,335.01214564,0.010200000368058681,-1.38585224,0.010409999638795853,22.002318561141436,0.06836600314877479,21.01843727359837,0.023245011298880937,20.007879758731576,0.012661135937113628,19.698769243399557,0.025117182573657408,19.43106248705588,0.039217072206391,3700.0,5.25,-3.7,-34.932512,-35.916079,-36.765533,-37.017915,-37.335581,-37.564293,-37.896877,-37.481317,56.82521746478537,0.01737054623541952,1.3750390624770268,18.401734415743707,0.01737054623541952,17.57051771158409,0.01737054623541952,17.51554306730923,0.01737054623541952,2.6776030088504095e+18,335.01214572311693,3.0146737,-1.3858480718852153,2.0044801,nan,nan,nan,nan,nan,nan,nan,nan,436527104.0,52.0,57.0,5.0,195035141.0,655360.0,196608.0,262144069.0,524416.0,196608.0,262144069.0,524416.0,196608.0,262144069.0,524416.0,196608.0,195035205.0,524416.0,196608.0
1.066733495084863e+17,334.9507958,0.018650000914931297,-1.1034722,0.02469000034034252,23.19167101835368,0.19208339957422715,21.834939118793876,0.04778369236585332,20.742914351077932,0.024071123388511813,20.080035784329677,0.03292808676930082,19.723940575774925,0.047696029849509915,3400.0,5.25,-3.9,-33.768109,-34.920906,-35.953811,-36.371386,-36.883879,-37.315431,-37.613851,-37.226192,56.69431836966602,0.04152970155971922,1.999156662603453,18.519697320624363,0.04152970155971922,17.72264461646475,0.04152970155971922,17.639768972189884,0.04152970155971922,-999,-999,-999,-999,-999,-999,-999,-999,-999,-999,-999,-999,-999,436527104.0,52.0,44.0,5.0,195035141.0,655360.0,196608.0,195035141.0,524416.0,196608.0,262144005.0,524416.0,196608.0,262144005.0,655488.0,196608.0,195035141.0,655360.0,196608.0
1.0654335168379819e+17,335.16845011,0.007809999864548445,-1.21018756,0.008080000057816505,21.829051897624915,0.050581018855328674,20.6488437055292,0.017513117412100567,19.882235318079978,0.009926308958649259,19.489762719721277,0.022047220448139785,19.32685403576588,0.03499408851697123,3600.0,5.25,-3.9,-35.051259,-36.089317,-36.781863,-36.949897,-37.401318,-37.628562,-37.949038,-37.48536,56.69008033534425,0.013673838554112281,0.8386475103668266,18.202328286302585,0.013673838554112281,17.38321958214297,0.013673838554112281,17.37636293786811,0.013673838554112281,2.6776149316797036e+18,335.1684522129931,1.5290605,-1.2101916017924634,1.2468693,0.8724005158188693,1.8600161,6.1739063,4.011604474618431,1.514934,-4.692989160132276,1.9263124,1.1865026,436527104.0,52.0,76.0,10.0,195035141.0,655360.0,196608.0,262144069.0,524416.0,196608.0,262144069.0,524416.0,196608.0,262144005.0,524416.0,196608.0,262144069.0,524416.0,196608.0
1.0649334873989656e+17,334.87404109,0.013000000268220901,-1.25324371,0.013050000183284283,22.499768849364084,0.09229908610756056,21.26355454878415,0.03086001483279697,20.547639948622578,0.016153032852500176,20.197164763911786,0.039091105889647364,19.971056216670018,0.06252204201957573,3600.0,5.25,-3.9,-35.051259,-36.089317,-36.781863,-36.949897,-37.401318,-37.628562,-37.949038,-37.48536,57.35056766547052,0.02463290691743749,0.6882340250842011,18.862815616428858,0.02463290691743749,18.043706912269244,0.02463290691743749,18.03685026799438,0.02463290691743749,-999,-999,-999,-999,-999,-999,-999,-999,-999,-999,-999,-999,-999,436527104.0,52.0,58.0,5.0,195035141.0,655360.0,196608.0,262144069.0,524416.0,196608.0,262144069.0,524416.0,196608.0,195035205.0,655488.0,196608.0,195035141.0,655360.0,196608.0
1.0636334885875434e+17,334.88588447,0.007590000052005053,-1.36344102,0.0032500000670552254,20.148469537121564,0.0159160482884868,18.958734482363422,0.005427912267543942,18.307533871861267,0.0035279362074927987,17.991948482876968,0.005522987292417916,17.83253711980773,0.010119366934571503,3700.0,5.25,-3.8,-35.321296,-36.317193,-36.986985,-37.128968,-37.499213,-37.672445,-37.998751,-37.539705,55.29857569880619,0.0041382804853148615,0.572643903191073,16.766940649764525,0.0041382804853148615,15.942001945604915,0.0041382804853148615,15.930513301330054,0.0041382804853148615,2.677512814537003e+18,334.88588813599006,0.32160565,-1.3634423374041065,0.2501224,1.3569430761902646,0.37664723,11.991542,10.43218673908369,0.30383655,-5.913251656679404,0.3203474,1.0233641,503635968.0,60.0,68.0,5.0,262144069.0,524416.0,196608.0,262144069.0,524416.0,196608.0,262144069.0,524416.0,196608.0,262144069.0,524416.0,196608.0,262144069.0,524416.0,196608.0
1.0628334849532445e+17,334.84955646,0.009119999594986439,-1.43004787,0.006550000049173832,19.65218898784479,0.011533218304928481,19.46636817687837,0.00724561622433938,19.35965538046467,0.007724950705102168,19.384823547859348,0.018194302699094198,19.397974968759314,0.051356072467146956,6375.0,2.5,1.0,-38.720874,-38.920615,-38.979022,-38.973064,-38.965034,-38.835672,-38.608942,-38.136097,58.36392401236131,0.011337844190661507,0.010624148132791897,18.669061963319646,0.011337844190661507,18.397159259160034,0.011337844190661507,18.39946961488517,0.011337844190661507,2.6775114057877084e+18,334.8495556877702,0.37962624,-1.4300491646157425,0.3323322,0.7523838542617056,0.45542282,3.0136862,1.7326475374658599,0.4184904,-2.4658137238652262,0.43471164,0.95679885,436527104.0,52.0,63.0,5.0,262144069.0,524416.0,196608.0,262144069.0,524416.0,196608.0,262144069.0,524416.0,196608.0,262144069.0,524416.0,196608.0,195035141.0,524416.0,196608.0
1.065133522935371e+17,335.229386,0.03840000182390213,-1.23619684,0.04044000059366226,23.12844377342997,0.17742695478798967,22.19545471710844,0.07333937532201372,21.52960204644729,0.049694045267885414,20.965912491656233,0.0719100423214953,20.774495451068518,0.11953701538733146,4062.5,5.0,-2.5,-35.258237,-36.264252,-36.746745,-37.215181,-37.448207,-37.768817,-37.991228,-37.591111,58.30530609594209,0.04849273703450427,1.2739783448081015,19.677299046900433,0.04849273703450427,18.956255342740818,0.04849273703450427,18.885837698465956,0.04849273703450427,-999,-999,-999,-999,-999,-999,-999,-999,-999,-999,-999,-999,-999,436527104.0,52.0,16.0,5.0,35651585.0,0.0,196608.0,35651585.0,0.0,196608.0,35651585.0,0.0,196608.0,35651585.0,0.0,196608.0,35651585.0,0.0,196608.0
1.064533499036522e+17,334.99036676,0.007600000128149986,-1.29021865,0.008659999817609787,19.909528132116456,0.010571600914813246,19.355775839654882,0.006560849547224012,19.158192778513367,0.0060952312202658225,19.076589787740957,0.011313489558052106,19.070551453118256,0.025392149105896326,5375.0,1.0,0.0,-37.742736,-38.257804,-38.432861,-38.478752,-38.524498,-38.502626,-38.393334,-37.943264,57.601457798228786,0.0062119614245683095,0.04884724018665678,18.239641749187125,0.0062119614245683095,17.850301045027507,0.0062119614245683095,17.829836400752647,0.0062119614245683095,2.677608850005654e+18,334.99036279689165,0.3956327,-1.2902221297872558,0.36389077,0.998741386391103,0.5224837,8.101977,-4.565815794892724,0.52084684,-6.692933439732151,0.5077783,1.0403048,436527104.0,52.0,84.0,5.0,262144069.0,524416.0,196608.0,262144005.0,524416.0,196608.0,262144069.0,524416.0,196608.0,262144069.0,524416.0,196608.0,262144069.0,524416.0,196608.0
1.0665334906796994e+17,334.90679996,0.003869999898597598,-1.11711983,0.008860000409185886,20.397600286710027,0.020715766808847423,19.212957165772025,0.006147425686170627,18.03992728280321,0.0032389101458532065,17.514922883179285,0.004220271131470571,17.261824115107846,0.006592549439465755,3600.0,5.25,-3.7,-34.370028,-35.353768,-36.408712,-36.78025,-37.127324,-37.440923,-37.784489,-37.399731,54.49346274671448,0.0046419684295064744,1.9425478836387327,16.19334969767282,0.0046419684295064744,15.351150993513201,0.0046419684295064744,15.265374349238337,0.0046419684295064744,2.677626236033375e+18,334.90679965005734,0.21047577,-1.1171169049985048,0.19871832,2.261719584981665,0.24148308,6.8073325,-5.36129324308024,0.2616702,4.19479600571727,0.24761644,0.9649602,503635968.0,60.0,71.0,5.0,262144005.0,524416.0,196608.0,262144069.0,524416.0,196608.0,262144069.0,524416.0,196608.0,262144069.0,524416.0,196608.0,262144069.0,524416.0,196608.0
1.0643334978023171e+17,334.97802869,0.009030000306665897,-1.30725835,0.008980000391602516,22.56329250238284,0.10322802752762941,21.189736517022528,0.02862305325608808,19.964457253131407,0.011572018059212609,19.494556795327494,0.019922202078889145,19.21686502378646,0.03770406158021011,3400.0,5.25,-3.9,-33.768109,-34.920906,-35.953811,-36.371386,-36.883879,-37.315431,-37.613851,-37.226192,56.06539981833015,0.023175596512042564,1.9729810262032694,17.89077876928849,0.023175596512042564,17.093726065128877,0.023175596512042564,17.010850420854013,0.023175596512042564,2.677607303819462e+18,334.97802929578353,2.7274039,-1.30725284994806,5.282817,nan,nan,nan,nan,nan,nan,nan,nan,436527104.0,52.0,65.0,5.0,195035141.0,655360.0,196608.0,262144069.0,524416.0,196608.0,262144069.0,524416.0,196608.0,262144069.0,524416.0,196608.0,262144005.0,524416.0,196608.0
1.0660335199927248e+17,335.19994351,0.019290000200271606,-1.1649763,0.02013999968767166,22.30958098841555,0.08284617710898372,21.292039055862162,0.027247004977889615,20.920701615913714,0.02817002886905548,20.897581885682005,0.06844406154626097,20.65975949511571,0.12110201945385453,3800.0,5.25,-3.9,-36.336468,-37.322543,-37.613786,-37.520966,-37.91466,-37.931368,-38.251663,-37.712414,58.557617208197826,0.03331649894275914,0.13223130157129273,19.767059159156165,0.03331649894275914,18.94813145499655,0.03331649894275914,19.016845810721684,0.03331649894275914,-999,-999,-999,-999,-999,-999,-999,-999,-999,-999,-999,-999,-999,436527104.0,52.0,40.0,10.0,195035141.0,655360.0,0.0,262144005.0,524416.0,0.0,262144069.0,524416.0,0.0,195035141.0,655360.0,0.0,195035141.0,655360.0,0.0
1.0644334897416352e+17,334.89741162,0.004600000102072954,-1.29745093,0.010010000318288803,20.444659944729437,0.018483784155735757,19.302120675082076,0.0056926806844913545,18.66027827135058,0.003959643940579218,18.639439386851144,0.014278378969405153,18.323227284680264,0.018742196299519415,3700.0,5.25,-3.9,-35.71008,-36.718308,-37.208436,-37.24002,-37.662846,-37.780598,-38.100624,-37.598092,55.981883112538696,0.006147772599409466,0.34770298317677123,17.342095063497037,0.006147772599409466,16.523436359337417,0.006147772599409466,16.555433715062556,0.006147772599409466,2.677618848689515e+18,334.8974112656295,0.3793502,-1.2974514128014407,0.31462318,0.6127097178913024,0.4283894,5.6644626,-3.6979151456215615,0.39509213,-4.290869517388886,0.42601532,1.002405,436527104.0,52.0,70.0,5.0,262144069.0,524416.0,196608.0,262144069.0,524416.0,196608.0,262144069.0,524416.0,196608.0,262160455.0,524416.0,196608.0,262144005.0,524416.0,196608.0
1.0659334877936598e+17,334.87791808,0.004699999932199717,-1.17038116,0.005470000207424164,20.718974268454676,0.02342847995435917,19.466482183733675,0.0071281303893077535,18.90400753593075,0.004811225601038926,18.566243585058103,0.00921157779281634,18.451532191249814,0.016056222486554635,3800.0,5.25,-3.7,-35.397698,-36.404124,-37.058686,-37.228045,-37.514694,-37.683869,-38.007623,-37.567673,55.942097352885405,0.006214522519305001,0.5221911830726439,17.399038303843742,0.006214522519305001,16.576651599684126,0.006214522519305001,16.546066955409266,0.006214522519305001,2.6776253083204065e+18,334.87791954896227,0.37492138,-1.170378564554998,0.3533451,0.23241874130651236,0.48756558,6.416017,-1.40195848816154,0.48602432,6.260973465023371,0.50555974,1.0467175,436527104.0,52.0,81.0,5.0,262144069.0,524416.0,196608.0,262144069.0,524416.0,196608.0,262144069.0,524416.0,196608.0,262144005.0,524416.0,196608.0,262144069.0,524416.0,196608.0
1.0658335070668966e+17,335.07066106,0.00279000005684793,-1.17567202,0.001990000018849969,17.587228521666084,0.0026217467766992586,17.215681750556218,0.0013070655231195555,17.08625275447124,0.0014152485792843286,17.088054939421415,0.0027121049814514495,17.042308854210997,0.004566866384788484,5750.0,0.5,-0.1,-38.234769,-38.59625,-38.694066,-38.71617,-38.752153,-38.663753,-38.482885,-38.018505,55.8025869640652,0.0012457397319015214,0.016895428489756593,16.279643915023538,0.0012457397319015214,15.96187921086392,0.0012457397319015214,15.955724566589064,0.0012457397319015214,2.677615863687346e+18,335.07066225972653,0.090761825,-1.1756732320697634,0.09423541,0.4308343366152189,0.10920426,5.581987,1.2744756102843384,0.1109175,-5.4345458871789525,0.118726835,0.970788,503635968.0,60.0,89.0,5.0,262144069.0,524416.0,196608.0,262144069.0,524416.0,196608.0,262144069.0,524416.0,196608.0,262144069.0,524416.0,196608.0,262144069.0,524416.0,196608.0
1.0654335028607966e+17,335.0285146,0.009100000374019146,-1.20896032,0.009410000406205654,21.801443117329587,0.05951299941842258,20.65791236167858,0.017036057847912418,20.021575378568222,0.011225210358703042,19.721939191702088,0.023704198827687872,19.450326509062222,0.04253806913390149,3700.0,5.25,-3.8,-35.321296,-36.317193,-36.986985,-37.128968,-37.499213,-37.672445,-37.998751,-37.539705,56.981370311668144,0.015911512916218697,0.5611785677368765,18.44973526262648,0.015911512916218697,17.62479655846687,0.015911512916218697,17.613307914192006,0.015911512916218697,2.677609812078687e+18,335.0285107479612,1.9968864,-1.2089691410114982,1.5735297,0.8716295547742499,1.956933,8.716451,-3.1946142730704694,2.3621645,-8.109929102662123,2.0223224,0.84864396,436527104.0,52.0,72.0,10.0,195035141.0,655360.0,196608.0,262144069.0,524416.0,196608.0,262144069.0,524416.0,196608.0,262144069.0,524416.0,196608.0,195035141.0,524416.0,196608.0
1.0665334865381549e+17,334.86538637,0.01278000045567751,-1.12082902,0.006099999882280827,15.439031826169112,0.0007396175563111631,15.062845431768764,0.0005180416040135175,14.95613620286629,0.0004737007118260925,14.94425159298852,0.0007239791831672975,14.904206118761708,0.0011614440432585896,5812.5,0.5,-0.5,-38.299911,-38.666449,-38.751653,-38.764808,-38.805616,-38.698762,-38.495409,-38.031667,53.718981634510875,0.0003413439157657619,0.01103864953327426,14.161029585469212,0.0003413439157657619,13.865749881309597,0.0003413439157657619,13.858957237034739,0.0003413439157657619,2.677626171608872e+18,334.86538603602935,0.029342107,-1.1208298089214777,0.029532524,0.6226202970335442,0.033503264,1.281168,-1.0289534587822633,0.034970306,-0.763312662640719,0.036026616,1.0429162,503636096.0,60.0,89.0,5.0,262144069.0,524416.0,196608.0,262144069.0,524416.0,196608.0,262144069.0,524416.0,196608.0,262144069.0,524416.0,196608.0,262144069.0,524416.0,196608.0
1.0659334948715491e+17,334.94871847,0.0037700000684708357,-1.17129315,0.011610000394284725,19.62887994950462,0.009985501656055886,18.35006868377126,0.002884211155536801,16.761514862799316,0.001411328471558567,16.285096323789304,0.0019937812756534706,15.834611251220949,0.0020448569707493497,3300.0,5.25,-4.0,-33.270908,-34.470102,-35.584091,-36.085661,-36.673823,-37.22328,-37.517753,-37.143257,52.58895121421708,0.002174188300708273,3.396195779676746,14.506481165175419,0.002174188300708273,13.713375461015808,0.002174188300708273,13.617336816740947,0.002174188300708273,2.6776226325558144e+18,334.9487245199317,0.11643351,-1.1712885488528304,0.10350969,3.556015155982536,0.13732897,15.816659,14.40225028156418,0.13522334,6.5377286132982615,0.12829407,0.96808034,503635968.0,60.0,84.0,5.0,262144069.0,524416.0,196608.0,262144069.0,524416.0,196608.0,262144069.0,524416.0,196608.0,262144069.0,524416.0,196608.0,262144069.0,524416.0,196608.0
1.0635335059654837e+17,335.05965262,0.0027600000612437725,-1.36839231,0.003470000112429261,19.05276634242709,0.008128641596360843,18.282607031043025,0.0030793260118391727,17.982896883308776,0.002848791356119149,17.71803710234196,0.005724977738931085,17.699206555167486,0.009221417272149215,4600.0,3.25,-1.6,-36.610738,-37.278006,-37.57614,-37.726719,-37.818319,-37.957552,-38.093452,-37.672482,55.549087182857676,0.0028388912039620305,0.19776304189394484,16.732345133816015,0.0028388912039620305,16.0978124296564,0.0028388912039620305,16.048247785381534,0.0028388912039620305,2.677602974490328e+18,335.0596536733894,0.21844119,-1.3683918879723551,0.18567954,0.20722841557465735,0.25517282,1.159227,-0.3630739822704069,0.2218374,-1.1009016616760787,0.24494231,1.0740567,503635968.0,60.0,68.0,5.0,262144069.0,524416.0,196608.0,262144069.0,524416.0,196608.0,262144069.0,524416.0,196608.0,262144069.0,524416.0,196608.0,262144069.0,524416.0,196608.0
1.0670335009884342e+17,335.00990906,0.005960000213235617,-1.08091306,0.006010000128298998,22.508028205049747,0.11284700706945493,21.334981481690328,0.029790099134339512,19.53301836015797,0.00874200580649915,18.753211510346734,0.009208423268873821,18.340429802583458,0.014976150988282373,3300.0,3.25,-3.0,-32.988236,-33.920833,-35.540898,-36.174296,-36.544363,-37.017404,-37.299103,-37.019689,55.12765907196564,0.023670572307412274,4.999870797522766,17.251065022923978,0.023670572307412274,16.47073331876436,0.023670572307412274,16.2796126744895,0.023670572307412274,2.6776294658491515e+18,335.0099288803216,0.7599608,-1.0809302414444586,0.79435694,1.2356313636305059,0.89617413,30.555555,23.903881209330706,1.028056,-19.032773499206325,0.95688045,1.0979649,436527104.0,52.0,68.0,5.0,195035141.0,655360.0,196608.0,262144069.0,524416.0,196608.0,262144069.0,524416.0,196608.0,262144069.0,524416.0,196608.0,262144069.0,524416.0,196608.0
1.0663334894130566e+17,334.89414384,0.049320001155138016,-1.13737609,0.09651000052690506,20.27453561992449,0.017533649594393998,19.497850620629865,0.008797105281442197,19.23296903513948,0.007689854600690377,19.044132407983,0.011884455914278816,18.884401491281764,0.02392615275632042,4750.0,1.75,-0.5,-36.835635,-37.599362,-37.855282,-37.970859,-38.08967,-38.185557,-38.223323,-37.781034,57.05693943499172,0.006804859649717241,0.18980432213723186,18.012192385950055,0.006804859649717241,17.475793681790442,0.006804859649717241,17.44754803751558,0.006804859649717241,2.677625892435979e+18,334.8941491164063,0.35671526,-1.1373734490874325,0.31489885,0.6738342469497384,0.41804683,6.1973214,-0.2128097731508396,0.40284735,-6.19366662527497,0.3944815,0.978606,436527104.0,52.0,71.0,5.0,262144005.0,524416.0,196608.0,262144005.0,524416.0,196608.0,262144069.0,524416.0,196608.0,262144069.0,524416.0,196608.0,262144069.0,524416.0,196608.0
1.0650335042311558e+17,335.04230546,0.011939999647438526,-1.24571715,0.012120000086724758,22.442235536573936,0.1021451046358235,21.091321328928256,0.027313050750110097,20.355168724903333,0.015371015902739685,19.989683829898592,0.026507152427512694,19.76307895274989,0.05099004738084345,3600.0,5.25,-3.9,-35.051259,-36.089317,-36.781863,-36.949897,-37.401318,-37.628562,-37.949038,-37.48536,57.1830284746108,0.02426397109620744,0.7838033519367191,18.695276425569137,0.02426397109620744,17.876167721409523,0.02426397109620744,17.86931107713466,0.02426397109620744,2.6776094341219763e+18,335.04230821164685,7.6961226,-1.2457159918768068,4.0013013,nan,nan,nan,nan,nan,nan,nan,nan,436527104.0,52.0,55.0,5.0,195035141.0,655360.0,196608.0,262144069.0,524416.0,196608.0,262144069.0,524416.0,196608.0,262144069.0,524416.0,196608.0,195035141.0,524416.0,196608.0
1.0629335072524477e+17,335.07250756,0.00798999983817339,-1.42136139,0.007780000101774931,19.926938771073303,0.011972134063626844,19.60483830891441,0.007816458118710854,19.498184487361122,0.008435856154480876,19.57334457433415,0.021913250643703523,19.396697246033025,0.040807093427713804,5937.5,0.0,-2.1,-38.444347,-38.809177,-38.867452,-38.867604,-38.921785,-38.755199,-38.492956,-38.034629,58.382073677543204,0.009840735965180744,0.04996449696682754,18.767684628501545,0.009840735965180744,18.53129492434193,0.009840735965180744,18.519087280067062,0.009840735965180744,2.6776019436981356e+18,335.07250703200634,0.5377859,-1.421362666130483,0.5576423,-0.2673390402446345,0.83275974,2.8003998,1.8691538125673723,0.5306343,-2.085306494980497,0.66100955,1.1592383,436527104.0,52.0,79.0,5.0,262144069.0,524416.0,196608.0,262144069.0,524416.0,196608.0,262144069.0,524416.0,196608.0,262144005.0,524416.0,196608.0,195035141.0,524416.0,196608.0
1.0652334801976315e+17,334.80201574,0.003969999961555004,-1.23105614,0.005410000216215849,15.355071696761831,0.0008596267536529817,14.606240448903367,0.0004877460903072878,14.369415999557502,0.00035361303424345065,14.196923934926236,0.0005701493564196681,14.12639163295186,0.0007850918055958139,4875.0,2.0,-0.2,-37.046979,-37.733979,-37.974711,-38.074727,-38.167231,-38.242356,-38.262726,-37.815385,52.33033414262016,0.00028589060943181227,0.11190385737908308,13.228788093578498,0.00028589060943181227,12.709785389418883,0.00028589060943181227,12.686591745144023,0.00028589060943181227,2.6776232510310323e+18,334.8020228592429,0.030227752,-1.2310504169944976,0.03946659,2.4641014921623983,0.029333077,24.65638,19.788706675408825,0.03948626,14.708640838528023,0.05013607,1.0595089,503635968.0,60.0,75.0,10.0,262144069.0,524416.0,0.0,262144005.0,524416.0,0.0,262144069.0,524416.0,0.0,263192581.0,524416.0,0.0,262144069.0,524416.0,0.0
1.0639335124312678e+17,335.12432888,0.01923999935388565,-1.33640728,0.019440000876784325,23.180650915709737,0.1878085473690877,22.683210046257518,0.10436829608997529,20.998160448332275,0.02660009796529484,20.222397986349836,0.031230092728515704,19.82759406415504,0.05462702652135166,3600.0,4.0,-4.0,-33.632428,-34.415834,-35.949259,-36.57946,-36.880439,-37.307717,-37.695311,-37.371173,56.87388669216089,0.04509181195018494,6.462851029574673,18.70697964311923,0.04509181195018494,17.820752938959615,0.04509181195018494,17.67435629468475,0.04509181195018494,-999,-999,-999,-999,-999,-999,-999,-999,-999,-999,-999,-999,-999,436527104.0,52.0,32.0,5.0,195035141.0,655360.0,196608.0,195035141.0,655360.0,196608.0,262144005.0,524416.0,196608.0,262144005.0,524416.0,196608.0,195035141.0,655360.0,196608.0
1.0654334970284237e+17,334.9702694,0.00687999976798892,-1.21510662,0.0034799999557435513,18.372827241786705,0.0037748077778631843,17.983766646102097,0.002275587032272349,17.77764401479893,0.0028460087724148093,17.866768419783277,0.005301070390877072,17.79732589398128,0.008584457435934592,5875.0,2.0,-1.7,-38.301917,-38.716827,-38.816925,-38.813825,-38.840492,-38.742328,-38.533749,-38.073969,56.65766364329046,0.0022743921631269383,0.050233734596469966,17.0561455942488,0.0022743921631269383,16.766091890089186,0.0022743921631269383,16.755337245814324,0.0022743921631269383,2.6776211164322975e+18,334.97026915357685,0.14982289,-1.2151105707829042,0.12883039,0.300187444486614,0.17934541,10.267597,-0.16207164437465066,0.17030193,-10.266318419755443,0.16218624,1.0361167,436527104.0,52.0,81.0,10.0,262144069.0,524416.0,0.0,262144069.0,524416.0,0.0,262144069.0,524416.0,0.0,262144069.0,524416.0,0.0,262144069.0,524416.0,0.0
1.0657334842040938e+17,334.84204246,0.008449999615550041,-1.18430367,0.008500000461935997,21.984705484898857,0.0670659991456169,20.80342273350641,0.020545017163666784,19.846417201585286,0.012018149948532302,19.422390445332542,0.01738426422909171,19.228288077920485,0.0364490795473468,3600.0,5.25,-3.8,-34.710644,-35.721542,-36.595287,-36.865073,-37.264321,-37.534743,-37.866763,-37.442545,56.488418188648716,0.016364754739960328,1.2143365014574525,18.094485139607055,0.016364754739960328,17.26383243544744,0.016364754739960328,17.217515791172573,0.016364754739960328,2.677623865211688e+18,334.84203899832494,1.1581563,-1.184318816169064,1.6439862,1.09561078292406,1.068849,15.861111,-1.757382149164635,1.442437,-15.763452216137335,1.991168,1.0209272,436527104.0,52.0,62.0,10.0,195035141.0,655360.0,0.0,262144069.0,524416.0,0.0,262144069.0,524416.0,0.0,262144069.0,524416.0,0.0,262144069.0,524416.0,0.0
1.0673335060462595e+17,335.06045255,0.01793999969959259,-1.05383413,0.018950000405311584,22.402400161487062,0.09248215752486945,21.366682154069494,0.0385040150273507,20.738564614405544,0.021667022579948184,20.543621552087803,0.04809408766503516,20.44490710439146,0.08569602623582798,3800.0,5.25,-3.8,-35.867083,-36.863333,-37.336236,-37.374505,-37.714677,-37.807618,-38.129643,-37.640044,58.130401917288275,0.02839846381909064,0.49040481478611286,19.463593868246615,0.02839846381909064,18.642936164086997,0.02839846381909064,18.662000519812132,0.02839846381909064,-999,-999,-999,-999,-999,-999,-999,-999,-999,-999,-999,-999,-999,436527104.0,52.0,48.0,5.0,195035141.0,655360.0,196608.0,262144005.0,655488.0,196608.0,262144005.0,524416.0,196608.0,195035141.0,655360.0,196608.0,195035141.0,655360.0,196608.0
1.066733493316711e+17,334.93318385,0.012620000168681145,-1.10779969,0.005470000207424164,19.489315033952415,0.008720395933325194,18.714357589716222,0.004038230345409642,18.343667958419193,0.0031844647767610775,18.20444675074573,0.006418870143902334,18.07211942043657,0.01049936518729078,4500.0,3.5,-1.6,-36.431626,-37.142364,-37.466651,-37.622886,-37.7267,-37.884095,-38.04808,-37.633453,55.84282675065403,0.003187048720878601,0.21218717479954918,17.099541701612363,0.003187048720878601,16.43692399745275,0.003187048720878601,16.381016353177884,0.003187048720878601,2.677626068529655e+18,334.9331831948193,0.21119118,-1.1078002160210398,0.20190336,0.3475331365854366,0.23743811,5.3364863,-4.211066554288488,0.27489656,-3.2779571772501916,0.25348967,1.0534279,436527104.0,52.0,85.0,5.0,262144069.0,524416.0,196608.0,262144069.0,524416.0,196608.0,262144069.0,524416.0,196608.0,262144069.0,524416.0,196608.0,262144069.0,524416.0,196608.0
1.0628334914190342e+17,334.91421533,0.008910000324249268,-1.4308353,0.009320000186562538,21.638886391404757,0.04573901962776326,20.436127636594993,0.019279145024970978,19.9524857940264,0.011176312274827486,19.726825651726443,0.021951224189874087,19.525410584454054,0.04391007370651465,3700.0,5.25,-3.9,-35.71008,-36.718308,-37.208436,-37.24002,-37.662846,-37.780598,-38.100624,-37.598092,57.163885211641336,0.014140161416070045,0.3298896645087694,18.524097162599677,0.014140161416070045,17.705438458440057,0.014140161416070045,17.737435814165195,0.014140161416070045,2.6775115088669834e+18,334.91421491216977,1.7088653,-1.4308390164994638,1.4845856,-0.08907658086179607,2.0187817,5.35821,-1.2690809326399748,1.2753968,-5.205751303035834,2.1216273,1.0207944,436527104.0,52.0,58.0,5.0,195035141.0,655488.0,196608.0,262144069.0,524416.0,196608.0,262144069.0,524416.0,196608.0,262144069.0,524416.0,196608.0,195035141.0,524416.0,196608.0
1.0629334956889507e+17,334.95687917,0.004660000093281269,-1.42118123,0.004449999891221523,18.977677946562192,0.0057761151892683354,18.26600204061335,0.0030935786037721252,18.011697816312253,0.0029118381246604555,17.83542130547401,0.004703198738268747,17.809887631671394,0.010077385598843906,4800.0,5.25,-2.0,-36.936414,-37.552371,-37.808507,-37.925026,-38.001269,-38.103032,-38.199376,-37.760897,55.82485474812665,0.00264640371372985,0.1149012696845247,16.862632699084987,0.00264640371372985,16.26765599492537,0.00264640371372985,16.235600350650508,0.00264640371372985,2.6776025278136883e+18,334.9568805580568,0.19595653,-1.4211873822210508,0.16859284,0.4243663293242196,0.24242511,18.45626,1.0721123060609712,0.18034479,-18.425095529416886,0.2148388,0.92811906,503635968.0,60.0,72.0,5.0,262144069.0,524416.0,196608.0,262144069.0,524416.0,196608.0,262144069.0,524416.0,196608.0,262144069.0,524416.0,196608.0,262144069.0,524416.0,196608.0
1.0676335015443472e+17,335.01546944,0.008229999803006649,-1.0297986,0.005169999785721302,20.092481012223555,0.01258501578337153,19.828145059864855,0.00865729228920198,19.710938507301396,0.008721818649753564,19.69413777551652,0.022311246385243712,19.743788547516555,0.049348076415192545,6312.5,5.0,1.0,-38.557921,-38.812981,-38.903064,-38.906444,-38.891563,-38.788328,-38.600582,-38.121646,58.62829278048457,0.011388460499558856,0.01298264842372081,18.98077473144291,0.011388460499558856,18.669888027283292,0.011388460499558856,18.678289383008433,0.011388460499558856,2.677632661304496e+18,335.01546941597354,0.44169176,-1.0297996654301256,0.464316,0.2563412156261831,0.5021007,3.7775173,-0.056016722695881815,0.55366975,-3.7771019265576316,0.5445071,0.9238709,436527104.0,52.0,71.0,5.0,262144069.0,524416.0,196608.0,262144069.0,524416.0,196608.0,262144069.0,524416.0,196608.0,262144069.0,524416.0,196608.0,195035141.0,524416.0,196608.0
1.0666334998497506e+17,334.99848717,0.0083600003272295,-1.11286015,0.0065299998968839645,20.19158676651976,0.02110751459059378,19.181282401864898,0.006292385256502844,18.729870407543206,0.006270983094971737,18.44509302674121,0.008782610603990075,18.361771521557408,0.01461524791980412,4187.5,1.75,0.3,-35.857822,-36.753622,-37.163687,-37.365156,-37.496971,-37.722919,-37.984452,-37.582217,55.9093724248453,0.005710293282010873,0.35434612113539693,17.327263375803643,0.005710293282010873,16.567097671644028,0.005710293282010873,16.498798027369162,0.005710293282010873,2.677628989107412e+18,334.9984872969697,0.25758162,-1.1128605503924953,0.2567,0.36560881421413843,0.3037258,2.7093015,-0.8485050940617255,0.34035808,-2.573004668465912,0.32346487,0.9891022,436527104.0,52.0,53.0,5.0,262144005.0,524416.0,196608.0,262144069.0,524416.0,196608.0,262144069.0,524416.0,196608.0,262144069.0,524416.0,196608.0,262144069.0,524416.0,196608.0
1.064833509689162e+17,335.09683823,0.007400000002235174,-1.26189845,0.00750999990850687,22.142560426248863,0.07894100924816601,20.844503525612673,0.02081700041955112,19.86265257907825,0.010314108863472199,19.414710974275025,0.015620282029944386,19.20821059046514,0.029415092777413866,3600.0,5.25,-3.8,-34.710644,-35.721542,-36.595287,-36.865073,-37.264321,-37.534743,-37.866763,-37.442545,56.525901019136,0.01775460749555793,1.2884609314790028,18.13196797009434,0.01775460749555793,17.301315265934726,0.01775460749555793,17.25499862165986,0.01775460749555793,2.677608437689135e+18,335.0968053056718,1.682194,-1.2619096586218452,2.0830302,nan,nan,nan,nan,nan,nan,nan,nan,436527104.0,52.0,75.0,5.0,195035141.0,655360.0,196608.0,262144069.0,524416.0,196608.0,262144069.0,524416.0,196608.0,262144069.0,524416.0,196608.0,262144005.0,524416.0,196608.0
1.0635335032201858e+17,335.03219297,0.0030499999411404133,-1.36819474,0.006690000183880329,19.675639926353586,0.010799014828048781,18.402124264584245,0.0032417367379513878,17.587370497492877,0.001799170439936102,17.223482984629324,0.0033036772944074083,16.95897912041061,0.005793655023498319,3500.0,5.25,-4.0,-34.684886,-35.794762,-36.506989,-36.718367,-37.250151,-37.556015,-37.860125,-37.399868,54.16055035869413,0.0026445817423814406,0.8816657845766276,15.745345309652468,0.0026445817423814406,14.942602605492858,0.0026445817423814406,14.932324961217995,0.0026445817423814406,2.67760314628902e+18,335.03219193627285,0.18837586,-1.368192706643883,0.16752563,1.6615291676615325,0.23241828,3.9592555,-2.71360254140228,0.19442324,2.883065307727859,0.22180846,0.9281431,503635968.0,60.0,79.0,5.0,262144069.0,524416.0,196608.0,262144069.0,524416.0,196608.0,262144069.0,524416.0,196608.0,262144069.0,524416.0,196608.0,262144069.0,524416.0,196608.0
1.0632334974899642e+17,334.97490042,0.0020699999295175076,-1.39502889,0.0021100000012665987,18.66521979801588,0.004387133442389278,17.42256081665228,0.0018877249085475331,16.810246190251696,0.0011771632383490982,16.52804899377082,0.002173603552614207,16.357739393773556,0.0033991496162410796,3800.0,5.25,-3.7,-35.397698,-36.404124,-37.058686,-37.228045,-37.514694,-37.683869,-38.007623,-37.567673,53.877412438492854,0.001272398192059871,0.5102383631758103,15.334353389451191,0.001272398192059871,14.511966685291576,0.001272398192059871,14.481382041016717,0.001272398192059871,2.6776056244852454e+18,334.9748960031222,0.10824657,-1.3950373276084935,0.11261179,1.1632731786780743,0.1391581,14.305052,-6.23507031821378,0.10623255,-12.874719733132043,0.12589228,0.87587756,503635968.0,60.0,78.0,5.0,262144069.0,524416.0,196608.0,262144069.0,524416.0,196608.0,262144069.0,524416.0,196608.0,262144069.0,524416.0,196608.0,262144069.0,524416.0,196608.0
1.0628334950231899e+17,334.95024131,0.013609999790787697,-1.42620647,0.013799999840557575,21.60838952084368,0.05269601550557387,20.82824628722309,0.024462062213732965,20.46806396814079,0.019793138646191914,20.33124651874605,0.03746412830829928,20.18741774242293,0.07168104329772505,4500.0,3.5,-1.6,-36.431626,-37.142364,-37.466651,-37.622886,-37.7267,-37.884095,-38.04808,-37.633453,57.96271820747532,0.020306416477094767,0.20792640676997814,19.219433158433656,0.020306416477094767,18.556815454274044,0.020306416477094767,18.500907809999177,0.020306416477094767,-999,-999,-999,-999,-999,-999,-999,-999,-999,-999,-999,-999,-999,436527232.0,52.0,57.0,5.0,195035141.0,655360.0,196608.0,262144069.0,524416.0,196608.0,262144005.0,524416.0,196608.0,262144069.0,524416.0,196608.0,195035141.0,655360.0,196608.0
1.0632335031974954e+17,335.0319697,0.0047599999234080315,-1.39240959,0.00798999983817339,20.598544040399364,0.02150070471175701,19.404857592030492,0.00853000214171164,18.291778305818394,0.003206902076464296,17.80941586562399,0.0055669611998087195,17.642815983919675,0.009785369245564574,3700.0,5.25,-3.6,-34.543728,-35.514964,-36.544082,-36.906863,-37.171948,-37.45614,-37.795004,-37.42293,54.88579935755838,0.005184862462361072,1.7022041292793613,16.570469308516724,0.005184862462361072,15.732972604357109,0.005184862462361072,15.634511960082245,0.005184862462361072,2.6776028370513556e+18,335.03197265783126,0.34104118,-1.3924129844198216,0.31150147,1.416314174642774,0.42036954,13.704917,7.42882727129435,0.32283294,-11.516825705019148,0.39501116,0.9371985,503635968.0,60.0,77.0,5.0,262144005.0,524416.0,196608.0,262144069.0,524416.0,196608.0,262144069.0,524416.0,196608.0,262144069.0,524416.0,196608.0,262144069.0,524416.0,196608.0
1.0678334973924805e+17,334.97390397,0.008009999990463257,-1.01042689,0.006320000160485506,19.83626012851991,0.012801049769137651,19.556730417729195,0.007768445980534123,19.310477632143268,0.007885907835305878,19.47375684034646,0.019660279308938076,19.563013514400183,0.042497089867566486,6500.0,5.0,-2.5,-38.851247,-39.193718,-39.233318,-39.170777,-39.165214,-39.004883,-38.722826,-38.235356,58.67090250662781,0.009957775655735242,0.13345774993997836,18.80682945758615,0.009957775655735242,18.590253753426538,0.009957775655735242,18.60718910915167,0.009957775655735242,2.6776336577369185e+18,334.97390249289845,0.28316846,-1.0104273912498685,0.29158694,0.17228042368776608,0.33032337,0.4419234,-0.020128133480877292,0.36177564,0.44146478905429104,0.3597336,1.0054202,436527256.0,52.0,65.0,5.0,262144069.0,524416.0,196608.0,262144069.0,524416.0,196608.0,262144005.0,524416.0,196608.0,262144069.0,524416.0,196608.0,195035205.0,524416.0,196608.0
1.0655334896004966e+17,334.89598172,0.00203999993391335,-1.20067315,0.0026599999982863665,17.09734763150166,0.0016490564850690835,16.058823487460106,0.0008772480357768427,15.716294076323155,0.0005960809430883493,15.475181233415356,0.0012436026506742121,15.353358821561201,0.0015944875084529845,4500.0,0.5,-1.7,-36.318089,-37.276371,-37.577004,-37.73451,-37.93298,-38.06705,-38.109501,-37.697603,53.307991850052304,0.0005633188037093155,0.2136355469250081,14.38175180101064,0.0005633188037093155,13.840668096851026,0.0005633188037093155,13.782031452576165,0.0005633188037093155,2.677622288958459e+18,334.8959724899992,0.04913196,-1.2006799092622962,0.046815608,1.5497703502706632,0.056206774,26.5308,-19.767752275044348,0.062156055,-17.69517747403581,0.06113456,0.989514,503635968.0,60.0,88.0,10.0,262144069.0,524416.0,196608.0,262144069.0,524416.0,196608.0,262144069.0,524416.0,196608.0,262144069.0,524416.0,196608.0,262144069.0,524416.0,196608.0
1.0657335235912347e+17,335.23591375,0.002570000011473894,-1.18915841,0.00215000007301569,18.151736032919736,0.0035954272256015643,17.676984819881493,0.002032506554086396,17.496800094917486,0.0017609211446778007,17.46857606135803,0.004071396645775983,17.399535579698366,0.006689588451088181,5500.0,0.0,-0.1,-37.930514,-38.397685,-38.539267,-38.575907,-38.627257,-38.569197,-38.417206,-37.961182,56.052852517755014,0.001805390676800374,0.03954791112490978,16.62446546871335,0.001805390676800374,16.277823764553737,0.001805390676800374,16.263313120278873,0.001805390676800374,2.677613557289874e+18,335.23590816165944,0.11022592,-1.1891629117063653,0.109237716,0.40221811364313675,0.12616122,16.069702,-10.219675114932244,0.13138863,-12.401352895450314,0.1257322,1.1697228,503635968.0,60.0,91.0,10.0,262144069.0,524416.0,0.0,262144069.0,524416.0,0.0,262144069.0,524416.0,0.0,262144069.0,524416.0,0.0,262144069.0,524416.0,0.0
1.0668334935178298e+17,334.93518656,0.005009999964386225,-1.09792734,0.01095999963581562,20.124556264589064,0.013520454265446456,18.847693213099355,0.00417166303821637,18.00120333356905,0.002866481960717853,17.627989022606144,0.004114334337619388,17.458784808376944,0.006951538866808543,3700.0,5.25,-3.7,-34.932512,-35.916079,-36.765533,-37.017915,-37.335581,-37.564293,-37.896877,-37.481317,54.805569328448115,0.0033086179261923527,0.945307034323534,16.382086279406455,0.0033086179261923527,15.550869575246836,0.0033086179261923527,15.49589493097198,0.0033086179261923527,2.6776319397499546e+18,334.93518426503374,0.19395837,-1.0979228636815324,0.19460224,0.876379085159143,0.22254227,3.5448194,-2.501561603812509,0.25412077,-2.5115600685548616,0.24105574,1.0034162,503635968.0,60.0,78.0,5.0,262144005.0,524416.0,196608.0,262144069.0,524416.0,196608.0,262144069.0,524416.0,196608.0,262144069.0,524416.0,196608.0,262144069.0,524416.0,196608.0
1.0665335067350485e+17,335.06737042,0.01672999933362007,-1.12141757,0.006560000125318766,20.371900592886412,0.01730661585342634,19.85040493973587,0.008008236033612047,19.606006360232755,0.007530881676481194,19.53769151552837,0.01840529454335241,19.4921542638346,0.03503710486546912,5250.0,1.75,0.4,-37.583492,-38.063522,-38.271089,-38.346261,-38.384162,-38.390901,-38.340128,-37.893825,57.9013367344436,0.008914524238734692,0.07609128495556153,18.651245685401943,0.008914524238734692,18.203385981242327,0.008914524238734692,18.179154336967464,0.008914524238734692,2.677628331977413e+18,335.0673750473781,0.49754736,-1.1214187054224227,0.55581844,-0.7295782724067703,0.5808088,12.378566,10.347549547410965,0.64794964,-6.793903063258777,0.6895253,0.948196,436527104.0,52.0,89.0,5.0,262144005.0,524416.0,196608.0,262144005.0,524416.0,196608.0,262144069.0,524416.0,196608.0,262144005.0,524416.0,196608.0,262144069.0,524416.0,196608.0
1.0644334825359626e+17,334.82539014,0.005950000137090683,-1.29516939,0.0029700000304728746,15.461284333580348,0.00075154187984945,14.853018308642088,0.00044193887740847184,14.638360802947142,0.00036577302173851925,14.614501054312175,0.0008081339502974175,14.464063921660141,0.000954189814678671,5375.0,0.0,-2.2,-37.706859,-38.339459,-38.49472,-38.515076,-38.623129,-38.556388,-38.36819,-37.913955,53.14209428422837,0.0003135266340216893,0.07083846264477517,13.726516235186711,0.0003135266340216893,13.416081531027096,0.0003135266340216893,13.399781886752232,0.0003135266340216893,2.6776197806974566e+18,334.8253919245139,0.029308658,-1.295173890918445,0.02472912,0.35320605992553494,0.032491785,12.842959,8.885644836331947,0.033568617,-9.272913727283091,0.03352319,0.90773493,503636096.0,60.0,95.0,5.0,262144069.0,524416.0,196608.0,262144069.0,524416.0,196608.0,262144069.0,524416.0,196608.0,262144069.0,524416.0,196608.0,262144069.0,524416.0,196608.0
1.0628335102413067e+17,335.10242762,0.010169999673962593,-1.43312469,0.011540000326931477,20.834462704901554,0.03653600479289635,20.331544014141926,0.015088293588991785,20.25133208053488,0.015542276271841344,20.238266694310337,0.032105156963867024,20.302822736622,0.08261604189967514,6062.5,5.0,-2.5,-38.437502,-38.893035,-38.978518,-38.948634,-38.967378,-38.854435,-38.622099,-38.141618,59.23669904610214,0.019657314246058964,0.018030119068233163,19.523073997060475,0.019657314246058964,19.256777292900864,0.019657314246058964,19.266723648625998,0.019657314246058964,2.6776017718994345e+18,335.1024215605795,1.0842911,-1.4331283865639577,1.1279892,-1.8423890669677814,1.0734897,3.7096314,1.0741986216836628,1.095633,-3.550698805340623,1.386626,1.0431023,436527104.0,52.0,57.0,5.0,262144005.0,655488.0,196608.0,262144069.0,524416.0,196608.0,262144005.0,524416.0,196608.0,262144069.0,524416.0,196608.0,195035141.0,524416.0,196608.0
1.0656335060263594e+17,335.06026784,0.003759999992325902,-1.19544844,0.006130000110715628,19.195873560014213,0.007347038767349851,18.354352259238045,0.0031033777549027376,18.10271968913358,0.002842831742154207,17.92553901774746,0.005977938728291419,17.80301032531997,0.010218378085930391,4812.5,1.25,-1.7,-36.890977,-37.689637,-37.931733,-38.038022,-38.175644,-38.249725,-38.236131,-37.797227,56.02150157029065,0.0029109629100968993,0.12882898016485034,16.912586521248993,0.0029109629100968993,16.427547817089376,0.0029109629100968993,16.395917172814514,0.0029109629100968993,2.67761565323391e+18,335.0602665794823,0.18454514,-1.1954489990099089,0.18301402,0.40632111022653267,0.21614878,5.8252563,-4.956843796591322,0.2202581,-3.059952886622318,0.21959181,0.96741515,503635968.0,60.0,80.0,10.0,262144005.0,524416.0,0.0,262144069.0,524416.0,0.0,262144069.0,524416.0,0.0,262144069.0,524416.0,0.0,262144069.0,524416.0,0.0
1.0641335151816573e+17,335.15184752,0.0020600000862032175,-1.32060471,0.0012700000079348683,19.751114655074076,0.009973282041139791,18.54124878376875,0.0029621734833958136,17.548979559923602,0.0017962295801478168,17.14880006024381,0.0030608144462709553,16.978197834865405,0.005508690978164897,3600.0,5.25,-3.8,-34.710644,-35.721542,-36.595287,-36.865073,-37.264321,-37.534743,-37.866763,-37.442545,54.225041578775134,0.0024591179596747214,1.2360088883269797,15.831108529733473,0.0024591179596747214,15.000455825573859,0.0024591179596747214,14.954139181298993,0.0024591179596747214,2.6776050704344074e+18,335.151854214429,0.16327281,-1.3206074208750402,0.14911136,1.0865030539854794,0.19050737,18.083773,15.929658720941962,0.18327288,-8.559720111114148,0.17209458,1.0002176,503635968.0,60.0,95.0,5.0,262144069.0,524416.0,196608.0,262144069.0,524416.0,196608.0,262144069.0,524416.0,196608.0,262144069.0,524416.0,196608.0,262144069.0,524416.0,196608.0
1.0647335047265355e+17,335.0472588,0.004670000169426203,-1.27243119,0.0024800000246614218,18.77579613407468,0.005979893106912092,18.215625619870647,0.003564978907281149,18.050566690529035,0.0029058468122296365,18.010187396011176,0.005161092787517441,17.939447325218502,0.011189347420980954,5500.0,0.0,-2.0,-37.901189,-38.445698,-38.581343,-38.59744,-38.678418,-38.598501,-38.407648,-37.951206,56.63914223314081,0.0028896402291245676,0.030818905340291164,17.18145118409915,0.0028896402291245676,16.87367147993953,0.0028896402291245676,16.85957883566467,0.0028896402291245676,2.6776085751277573e+18,335.0472605380125,0.18195996,-1.2724335575184182,0.17618167,0.2662383127752814,0.22245455,8.22959,4.064794369213314,0.20738517,-7.155669078133781,0.21627972,1.0375195,436527232.0,52.0,72.0,5.0,262144069.0,524416.0,196608.0,262144069.0,524416.0,196608.0,262144069.0,524416.0,196608.0,262144069.0,524416.0,196608.0,262144069.0,524416.0,196608.0
1.0636335079724517e+17,335.07971538,0.0038499999791383743,-1.36273349,0.011230000294744968,18.42460606412329,0.004295058385035384,17.638066910872464,0.001973506010157339,17.324526154560843,0.0018934899739552191,17.211840677875557,0.003181781335144057,17.051310145365896,0.0052967394209744376,4750.0,1.5,-0.5,-36.831305,-37.602337,-37.857676,-37.972923,-38.095426,-38.189232,-38.220931,-37.779412,55.20200339055962,0.001601333665952659,0.16164104814461777,16.15358134151796,0.001601333665952659,15.623249637358342,0.001601333665952659,15.59423399308348,0.001601333665952659,2.677604456254244e+18,335.0797133045813,0.1502818,-1.362736378774642,0.13145061,0.7329503975824327,0.18716821,5.7160635,-1.455694050624262,0.20151196,-5.527597782259188,0.19207056,1.0498486,503635968.0,60.0,79.0,5.0,262144069.0,524416.0,196608.0,262144069.0,524416.0,196608.0,262144069.0,524416.0,196608.0,262144069.0,524416.0,196608.0,262144069.0,524416.0,196608.0
1.0641335073890995e+17,335.07390628,0.003379999892786145,-1.31709224,0.007160000037401915,17.299463771823724,0.002808943514481664,16.763551483887685,0.0012841625416508287,16.560780035162665,0.0013704133530123273,16.38478879632028,0.0016783996029772744,16.25675040325311,0.0029083586279633864,5062.5,3.0,1.0,-37.325915,-37.84835,-38.091927,-38.190079,-38.236944,-38.269683,-38.253183,-37.824904,54.591709898089505,0.000952740153350651,0.18096101556023816,15.462836849047843,0.000952740153350651,14.980704144888229,0.000952740153350651,14.93844850061337,0.000952740153350651,2.677604864275984e+18,335.07391295697386,0.14366166,-1.3170960865731562,0.16152598,0.6935391923305657,0.17256844,19.87936,14.815760059504644,0.18376723,-13.254518173282168,0.19902562,2.0533977,503635968.0,60.0,71.0,5.0,262144069.0,524416.0,196608.0,262144069.0,524416.0,196608.0,262144069.0,524416.0,196608.0,262144069.0,524416.0,196608.0,262144069.0,524416.0,196608.0
1.066133501085192e+17,335.01081724,0.008320000022649765,-1.15108784,0.008449999615550041,20.388282370918905,0.020267813036569233,19.224179111170983,0.005805528087492753,17.96948633503754,0.0033588549740656715,17.415431074848776,0.0037624272579926676,17.265334486393854,0.005190699055071206,3600.0,5.25,-3.7,-34.370028,-35.353768,-36.408712,-36.78025,-37.127324,-37.440923,-37.784489,-37.399731,54.46055907567402,0.0044581140584278554,2.156209798220081,16.16044602663236,0.0044581140584278554,15.318247322472743,0.0044581140584278554,15.23247067819788,0.0044581140584278554,2.677627850941057e+18,335.0107830732779,0.22117022,-1.151090107670698,0.22780369,2.3124002259580423,0.26767176,34.12294,-31.908407466416964,0.28925654,-12.092503063004614,0.2879918,1.1657846,503635968.0,60.0,72.0,5.0,262144069.0,524416.0,196608.0,262144069.0,524416.0,196608.0,262144069.0,524416.0,196608.0,262144069.0,524416.0,196608.0,262144069.0,524416.0,196608.0
1.064133509137928e+17,335.09138366,0.0023499999660998583,-1.32303367,0.003109999932348728,16.195397824356245,0.0011978315010199793,15.84015982827526,0.0006969285903793446,15.755794671009637,0.0006120095269973082,15.676145556498088,0.0012326631300265006,15.652499332248887,0.0018831181843031995,5750.0,0.0,0.1,-38.252254,-38.586734,-38.681659,-38.730358,-38.754284,-38.64815,-38.458074,-37.996321,54.42505724247763,0.0005426106491487057,0.020131548353732993,14.917717193435966,0.0005426106491487057,14.609160489276348,0.0005426106491487057,14.600378845001488,0.0005426106491487057,2.677604834211322e+18,335.0913834392592,0.047107793,-1.3230366828627265,0.047548987,0.2622805101333777,0.058066297,7.355353,2.1786454439908503,0.057679024,-7.025291680078701,0.05932924,1.1758311,503635968.0,60.0,86.0,5.0,262144069.0,524416.0,196608.0,262144069.0,524416.0,196608.0,262144069.0,524416.0,196608.0,262144069.0,524416.0,196608.0,262144069.0,524416.0,196608.0
1.0631334984812835e+17,334.98479862,0.0015300000086426735,-1.40175818,0.0023799999617040157,15.446926983555565,0.000766880020996596,14.998429791457921,0.0005189165251062273,14.87082553162884,0.0003976550250780995,14.816164658301057,0.0009391358524216557,14.76062241004317,0.001182381783989755,5625.0,0.0,-0.5,-38.081699,-38.522385,-38.637525,-38.662025,-38.716079,-38.626339,-38.437643,-37.981165,53.50253647499732,0.00036307088442982983,0.02637891482970585,14.017007425955658,0.00036307088442982983,13.707070721796043,0.00036307088442982983,13.693014077521186,0.00036307088442982983,2.6776026695477453e+18,334.9847935052147,0.03626965,-1.401766136968828,0.034145057,0.971657948918598,0.044544898,21.163876,-10.653356174407808,0.03775699,-18.287033494408668,0.044408727,1.13514,503635968.0,60.0,84.0,5.0,262144069.0,524416.0,196608.0,262144069.0,524416.0,196608.0,262144069.0,524416.0,196608.0,262144069.0,524416.0,196608.0,262144069.0,524416.0,196608.0
1.0659334961688467e+17,334.96169142,0.0050200000405311584,-1.17149037,0.007300000172108412,19.685517564115035,0.00992391698013645,19.051485696083706,0.005142429673943931,18.626386002493973,0.00447670682588551,18.577534528228732,0.009313597223561445,18.486203482298624,0.01444426403514991,4812.5,3.0,1.0,-36.98688,-37.593237,-37.879653,-38.002613,-38.066787,-38.134884,-38.162133,-37.750035,56.59125945464402,0.004196901104123785,0.22864681308243395,17.597185405602357,0.004196901104123785,17.071303701442744,0.004196901104123785,17.01286705716788,0.004196901104123785,2.6776225595413366e+18,334.9616944580666,0.2758389,-1.1714903916298758,0.257151,-0.6388179323662982,0.31901172,8.389661,8.272400307642412,0.3344138,-1.3977868508609907,0.3245192,1.0517516,436527104.0,52.0,82.0,5.0,262144069.0,524416.0,196608.0,262144069.0,524416.0,196608.0,262144005.0,524416.0,196608.0,262144069.0,524416.0,196608.0,262144069.0,524416.0,196608.0
1.066733513444464e+17,335.13445092,0.0019399999873712659,-1.10336974,0.003449999960139394,16.390615346994558,0.0012564150119841653,16.099802225569007,0.0007617406585205662,15.929415477901891,0.0007856051230899397,15.897547982375638,0.0013153666916892242,15.948101977009946,0.0023566910135626256,6062.5,4.25,1.0,-38.362765,-38.654686,-38.766873,-38.785381,-38.781362,-38.701352,-38.539609,-38.069429,54.72331000197021,0.0006343558934736862,0.033783444983451,15.16276795292855,0.0006343558934736862,14.825878248768937,0.0006343558934736862,14.825523604494075,0.0006343558934736862,2.677629710661908e+18,335.1344546300139,0.044717584,-1.1033753213950892,0.048774485,0.48693707205634607,0.05165522,16.56603,10.138483181233472,0.05661947,-13.101316814871243,0.059763405,0.9751738,503635968.0,60.0,87.0,5.0,262144069.0,524416.0,196608.0,262144069.0,524416.0,196608.0,262144069.0,524416.0,196608.0,262144069.0,524416.0,196608.0,262144069.0,524416.0,196608.0
1.065733496800123e+17,334.96800363,0.005929999984800816,-1.19015543,0.003909999970346689,17.58649391868914,0.003064203455968548,16.41903143887094,0.001070267245155142,15.898486475346612,0.0006464920962862434,15.63052575899704,0.0014020595746104727,15.398110594811664,0.0017132977143595946,3600.0,5.25,-4.0,-35.391875,-36.457092,-36.968438,-37.03472,-37.538315,-37.722382,-38.031312,-37.528174,52.86461763734308,0.0007963398002101582,0.41785536540524426,14.283045588301416,0.0007963398002101582,13.475482884141805,0.0007963398002101582,13.508086239866943,0.0007963398002101582,2.677621773562352e+18,334.9680072315384,0.05401922,-1.190161896587534,0.05278514,1.8537491939961122,0.0625965,19.947718,10.233320989070737,0.06373075,-17.12280787433984,0.06715203,0.95281535,503635968.0,60.0,80.0,10.0,262144069.0,524416.0,0.0,262144069.0,524416.0,0.0,262144069.0,524416.0,0.0,262144069.0,524416.0,0.0,262144069.0,524416.0,0.0
1.062433497674128e+17,334.97675373,0.004189999774098396,-1.46469427,0.003659999929368496,19.33199264212907,0.007308153267890239,18.357990000767877,0.0030694060989164334,17.91682620397736,0.0024982135812898613,17.870585258885963,0.0064298720118512445,17.661863947358327,0.009854391785616578,3800.0,5.25,-3.9,-36.336468,-37.322543,-37.613786,-37.520966,-37.91466,-37.931368,-38.251663,-37.712414,55.569536210623724,0.0028811367245446494,0.24437389135106694,16.778978161582064,0.0028811367245446494,15.960050457422447,0.0028811367245446494,16.028764813147582,0.0028811367245446494,2.677508313411242e+18,334.97675554440127,0.18705972,-1.4646941360382535,0.18028282,0.22299198388509614,0.22478394,4.8435698,4.837994085652171,0.19331549,-0.23234179615119385,0.22209989,0.96032894,503635968.0,60.0,78.0,5.0,262144069.0,524416.0,196608.0,262144069.0,524416.0,196608.0,262144069.0,524416.0,196608.0,262144069.0,524416.0,196608.0,262144069.0,524416.0,196608.0
1.0644334955727168e+17,334.95574197,0.0017300000181421638,-1.29897664,0.002240000059828162,18.491779200912884,0.004462079272237126,17.198631040547195,0.001988293576728548,16.450724853880313,0.0009300525085826939,16.00687764209609,0.0013810986099341636,15.768970566424372,0.002238744334119441,3500.0,5.25,-4.0,-34.684886,-35.794762,-36.506989,-36.718367,-37.250151,-37.556015,-37.860125,-37.399868,52.974427660772164,0.0011251287928343695,0.8724561005783763,14.559222611730501,0.0011251287928343695,13.756479907570892,0.0011251287928343695,13.746202263296029,0.0011251287928343695,2.677607548630595e+18,334.95575030703793,0.08950506,-1.29897311358804,0.077296995,2.0647744643175754,0.10173508,20.085415,19.291097713333546,0.099028945,5.592625557358762,0.09707486,0.9928957,503635968.0,60.0,80.0,5.0,262144069.0,524416.0,196608.0,262144069.0,524416.0,196608.0,262144069.0,524416.0,196608.0,262144069.0,524416.0,196608.0,262144069.0,524416.0,196608.0
1.0657334824972202e+17,334.82499678,0.014680000022053719,-1.19036404,0.014440000057220459,19.4038769871006,0.011808471238947155,18.691454636260055,0.005151304359217519,18.31001864077427,0.0044516633970443946,18.229240520314416,0.006347871040832552,18.059409599499286,0.011512328694886338,4600.0,3.5,-1.6,-36.647834,-37.308173,-37.603842,-37.752288,-37.84345,-37.981122,-38.115592,-37.696555,55.96991747678973,0.0037874657243759415,0.22549731533460363,17.12960542774807,0.0037874657243759415,16.496502723588456,0.0037874657243759415,16.445005079313596,0.0037874657243759415,2.6776238308516444e+18,334.824999452194,0.215091,-1.1903658662357652,0.19456683,0.18307292344453796,0.25137895,8.839761,4.104257330666886,0.26908785,-7.829204530353301,0.24706012,1.0049185,436527104.0,52.0,59.0,10.0,262144005.0,524416.0,0.0,262144069.0,524416.0,0.0,262144069.0,524416.0,0.0,262144069.0,524416.0,0.0,262144069.0,524416.0,0.0
1.0656334800544477e+17,334.80056881,0.004579999949783087,-1.19638863,0.003019999945536256,16.827545675664837,0.001934219686137313,16.43246180663233,0.0010198299594200678,16.2858917973412,0.0009296662386736399,16.23296018226214,0.0015846145219028359,16.27621582061769,0.0029923272315455075,5812.5,4.25,0.2,-38.178151,-38.538096,-38.668906,-38.693806,-38.701937,-38.640703,-38.502613,-38.041097,54.96719425650365,0.0008272983427851312,0.025317081158070756,15.46730120746199,0.0008272983427851312,15.10675850330238,0.0008272983427851312,15.097739859027515,0.0008272983427851312,2.6776239382258e+18,334.8005701182895,0.05883884,-1.1963900354761443,0.057030894,0.48490787588836204,0.06674095,6.4267025,5.0351342390350196,0.0728108,-3.9937358785371284,0.06837843,1.0448225,503635968.0,60.0,80.0,20.0,262144069.0,524416.0,0.0,262144069.0,524416.0,0.0,262144069.0,524416.0,0.0,262144069.0,524416.0,0.0,262144069.0,524416.0,0.0
1.063033503454896e+17,335.03454079,0.007899999618530273,-1.40904074,0.008050000295042992,21.887081591803167,0.07403900658702754,20.896188561585916,0.028879002333186375,19.816153734321965,0.009244152086994929,19.334081900512754,0.01743425667812829,19.119075204266334,0.036353076451834755,3600.0,5.25,-3.8,-34.710644,-35.721542,-36.595287,-36.865073,-37.264321,-37.534743,-37.866763,-37.442545,56.44188959849803,0.017918398470168465,1.7873255830897326,18.04795654945637,0.017918398470168465,17.217303845296755,0.017918398470168465,17.170987201021887,0.017918398470168465,2.67760273397249e+18,335.0345422434907,1.4391602,-1.4090442797572946,2.377379,nan,nan,nan,nan,nan,nan,nan,nan,436527104.0,52.0,65.0,5.0,195035141.0,655360.0,196608.0,262144005.0,524416.0,196608.0,262144069.0,524416.0,196608.0,262144005.0,524416.0,196608.0,262144005.0,524416.0,196608.0
1.0669335002922109e+17,335.00290511,0.0014700000174343586,-1.0911857,0.001069999998435378,17.292888366151537,0.001971867379106463,16.41120231389818,0.0008272358076837415,15.972535102724043,0.0007056330982615159,15.805772243091717,0.0013352818230450596,15.730248239507427,0.001833160515876225,4437.5,1.5,0.3,-36.344169,-37.140045,-37.495569,-37.660287,-37.765556,-37.923525,-38.082275,-37.664037,53.523654453074585,0.0006391855172196139,0.26349211261067723,14.740939404032925,0.0006391855172196139,14.083556699873306,0.0006391855172196139,14.031260055598446,0.0006391855172196139,2.677629087891675e+18,335.00290385839946,0.05459269,-1.0911931196357931,0.056370113,1.5191472931927643,0.06575284,18.155008,-3.5881179944847186,0.06846177,-17.79690333883008,0.07182575,0.98263663,503635968.0,60.0,89.0,5.0,262144069.0,524416.0,196608.0,262144069.0,524416.0,196608.0,262144069.0,524416.0,196608.0,262144069.0,524416.0,196608.0,262144069.0,524416.0,196608.0
1.0649335011192754e+17,335.01119263,0.016140000894665718,-1.2524069,0.017710000276565552,21.80115973893795,0.05381004315536564,21.131252000747796,0.025491049042665873,20.860074160097152,0.02344110945275879,20.585917433709337,0.05491508644633236,20.81918364091478,0.1329540243614172,5000.0,5.0,1.0,-37.247312,-37.805745,-38.063085,-38.165957,-38.213849,-38.237192,-38.188986,-37.787291,58.938706994881414,0.03148792736993568,0.25438372243349994,19.842324945839753,0.03148792736993568,19.39189824168014,0.03148792736993568,19.32305859740527,0.03148792736993568,-999,-999,-999,-999,-999,-999,-999,-999,-999,-999,-999,-999,-999,436527104.0,52.0,46.0,5.0,195035141.0,655360.0,196608.0,262144069.0,655488.0,196608.0,262144069.0,524416.0,196608.0,195035141.0,524288.0,196608.0,195035141.0,655360.0,196608.0
1.0660334860172418e+17,334.86017742,0.009689999744296074,-1.16357334,0.008860000409185886,19.45947631019886,0.008310209251579381,19.250736878934564,0.0060481514943191055,19.13308703674611,0.005873334220166907,19.092328893615417,0.013489413511869263,19.16417981877582,0.030074127939278994,6250.0,2.25,1.0,-38.622484,-38.842162,-38.91303,-38.91563,-38.911183,-38.793703,-38.580348,-38.11004,58.060859587654164,0.00700443635810156,0.025137892327802044,18.407966538612502,0.00700443635810156,18.122688834452887,0.00700443635810156,18.122462190178027,0.00700443635810156,2.6776253770398884e+18,334.8601799190916,0.32344824,-1.1635726418449472,0.28905052,0.31498286498552747,0.37958565,6.2294216,6.198524070419232,0.40709355,-0.6196712818331143,0.37280127,1.0204328,436527104.0,52.0,80.0,5.0,262144069.0,524416.0,196608.0,262144069.0,524416.0,196608.0,262144069.0,524416.0,196608.0,262144069.0,524416.0,196608.0,262144005.0,524416.0,196608.0
1.0667334892816723e+17,334.89281073,0.024250000715255737,-1.10270293,0.0071000000461936,19.688677647935567,0.011327795478798615,18.521138159461533,0.004816473319321659,17.845336007128246,0.003133369007457462,17.532947289774956,0.003612531158708208,17.378336783742448,0.005542682694184175,3700.0,5.25,-3.8,-35.321296,-36.317193,-36.986985,-37.128968,-37.499213,-37.672445,-37.998751,-37.539705,54.844018177608554,0.002864311992805038,0.5986060839839036,16.31238312856689,0.002864311992805038,15.487444424407279,0.002864311992805038,15.475955780132418,0.002864311992805038,2.6776263090478254e+18,334.8928053056472,0.17570773,-1.1027052261865389,0.1658677,0.6955596015399845,0.20838624,9.01914,-8.039891343470005,0.21413119,-4.087180554949923,0.21595511,0.97888124,503635968.0,60.0,65.0,5.0,262144005.0,524416.0,196608.0,262144069.0,524416.0,196608.0,262144069.0,524416.0,196608.0,262144069.0,524416.0,196608.0,262144069.0,524416.0,196608.0
1.0674335042868778e+17,335.0428534,0.007189999800175428,-1.04393075,0.007259999867528677,22.148762426929437,0.08086500402239997,20.959569987812863,0.03142000022675516,19.633177949665615,0.009866103458142463,18.940545794751024,0.013160332242767811,18.623251554646334,0.018393146977503,3400.0,5.25,-3.9,-33.768109,-34.920906,-35.953811,-36.371386,-36.883879,-37.315431,-37.613851,-37.226192,55.64067974276105,0.018039077013766412,2.9465701156229107,17.466058693719393,0.018039077013766412,16.66900598955978,0.018039077013766412,16.586130345284914,0.018039077013766412,2.677631119410859e+18,335.0428416686175,0.7594844,-1.0439320857748053,0.8155017,0.6875852797927773,0.97519886,15.8408165,-13.850719650915508,1.1861238,-7.686939220272692,1.1254512,1.0732417,436527104.0,52.0,58.0,5.0,195035141.0,655360.0,196608.0,262144069.0,524416.0,196608.0,262144069.0,524416.0,196608.0,262144069.0,524416.0,196608.0,262144069.0,524416.0,196608.0
1.0637335224443638e+17,335.2244801,0.0037799999117851257,-1.35339841,0.00571999978274107,21.310240728444832,0.03930320610563716,20.04349898868887,0.01092237059657355,18.730239707178477,0.0041170009221726525,18.139354254467456,0.005644894301107689,17.927362539668408,0.011388291639942436,3600.0,5.25,-3.6,-34.029413,-34.985993,-36.222136,-36.695426,-36.990327,-37.347104,-37.702214,-37.356916,55.01479824368961,0.008584982013659249,2.4604635451309647,16.80850419464795,0.008584982013659249,15.954761490488337,0.008584982013659249,15.829524846213475,0.008584982013659249,2.67755706988023e+18,335.2244772108179,0.43228287,-1.3534007526099487,0.3883262,2.8583882965033065,0.4931818,13.788814,-10.715782515534459,0.50250804,-8.677751941317423,0.50835234,1.0491835,503635968.0,60.0,80.0,5.0,262144005.0,524416.0,196608.0,262144069.0,524416.0,196608.0,262144069.0,524416.0,196608.0,262144069.0,524416.0,196608.0,262144069.0,524416.0,196608.0
1.0629335056337251e+17,335.05630451,0.004920000210404396,-1.42326581,0.006200000178068876,20.494738390658583,0.02856221580527063,19.4619646642688,0.007600883090162222,19.092413985813195,0.006257851702525272,18.864683972913273,0.010609493759404306,18.668463101429193,0.021347163435901158,4500.0,0.5,-2.1,-36.281174,-37.276665,-37.58004,-37.7424,-37.962401,-38.087174,-38.093465,-37.68847,56.6849888230166,0.00769674489112866,0.2565693576395896,17.738624773974944,0.00769674489112866,17.233701069815325,0.00769674489112866,17.16816142554046,0.00769674489112866,2.6776019093383956e+18,335.05630575378876,0.49899676,-1.423265027255948,0.43360695,0.5050101032343318,0.5908083,2.6191094,2.5857132732303065,0.48945665,0.41691888230978025,0.62034756,0.99179196,436527104.0,52.0,69.0,5.0,262144005.0,655488.0,196608.0,262144069.0,524416.0,196608.0,262144069.0,524416.0,196608.0,262144069.0,524416.0,196608.0,262144069.0,524416.0,196608.0
1.0651334892869174e+17,334.89285467,0.0023300000466406345,-1.24058784,0.0014900000533089042,16.21570472154523,0.001169368263559722,15.652128788549966,0.000643837766756757,15.488669229480621,0.000514870801915642,15.4560866666042,0.0010852955995573018,15.403248061776688,0.0016014888141003547,5500.0,0.0,-1.9,-37.903584,-38.442801,-38.57876,-38.596146,-38.675048,-38.596642,-38.408474,-37.952031,54.08243529359134,0.0004812348328413175,0.025484898143387825,14.626603244549674,0.0004812348328413175,14.316138540390064,0.0004812348328413175,14.302046896115202,0.0004812348328413175,2.6776204678922235e+18,334.8928481280759,0.043754555,-1.2405926026769867,0.03886574,0.8847946015090462,0.047442574,18.148563,-13.881384627623303,0.055792335,-11.690916614739924,0.050700936,1.1148905,503635968.0,60.0,90.0,5.0,262144069.0,524416.0,196608.0,262144069.0,524416.0,196608.0,262144069.0,524416.0,196608.0,262144069.0,524416.0,196608.0,262144069.0,524416.0,196608.0
1.064533497927348e+17,334.97924378,0.018570000305771828,-1.28813877,0.018290000036358833,22.783656273521128,0.1368753836699639,21.43083421226379,0.043288207548703155,20.891481401274888,0.02674100552125003,20.518756050736012,0.04406608099947514,20.234244887270865,0.07619902801688376,3600.0,5.25,-3.9,-35.051259,-36.089317,-36.781863,-36.949897,-37.401318,-37.628562,-37.949038,-37.48536,57.626525365013336,0.034100986677359994,0.5734629277528573,19.138773315971672,0.034100986677359994,18.31966461181206,0.034100986677359994,18.312807967537196,0.034100986677359994,-999,-999,-999,-999,-999,-999,-999,-999,-999,-999,-999,-999,-999,436527104.0,52.0,47.0,5.0,195035141.0,655360.0,196608.0,195035205.0,524416.0,196608.0,262144069.0,524416.0,196608.0,195035205.0,524416.0,196608.0,195035141.0,655360.0,196608.0
1.067633491447558e+17,334.91445123,0.0239499993622303,-1.0288774,0.03525000065565109,20.264215954970357,0.016803557341619767,19.861501026191302,0.009259041352406586,19.652059400972043,0.010547619796341293,19.655369885531464,0.01891528555033567,19.691627325255947,0.049970074427813045,5750.0,5.0,0.2,-38.116607,-38.495471,-38.633802,-38.662681,-38.673215,-38.618339,-38.490605,-38.030087,58.34130991858423,0.011548399084269235,0.046490873333932606,18.86378086954257,0.011548399084269235,18.49288216538295,0.011548399084269235,18.48286552110809,0.011548399084269235,2.6776334172187407e+18,334.9144529962499,0.47578436,-1.0288772161763693,0.5215452,-0.7089892694920886,0.6104729,2.1919415,1.6640669374244212,0.7035181,-1.4267057337687723,0.7106566,0.96000254,436527104.0,52.0,69.0,5.0,262144005.0,524416.0,196608.0,262144069.0,524416.0,196608.0,262144069.0,524416.0,196608.0,262144069.0,524416.0,196608.0,195035141.0,524416.0,196608.0
1.0656335231971301e+17,335.23199476,0.013559999875724316,-1.19783767,0.013199999928474426,21.105774234456543,0.030346004475859036,20.819434572241796,0.01865426086108691,20.779986639646765,0.022759197887531758,20.678828974591504,0.05716608836720578,20.706280623169373,0.13128903103033487,5937.5,0.0,0.1,-38.465771,-38.727253,-38.787239,-38.832034,-38.84961,-38.707001,-38.485815,-38.020086,59.55044240882119,0.029860752738333697,0.01439200095042973,19.98425135977953,0.029860752738333697,19.706804655619912,0.029860752738333697,19.701999011345052,0.029860752738333697,-999,-999,-999,-999,-999,-999,-999,-999,-999,-999,-999,-999,-999,436527104.0,52.0,65.0,10.0,262144069.0,524416.0,0.0,262144069.0,524416.0,0.0,262144069.0,524416.0,0.0,195035141.0,655360.0,0.0,195035141.0,655360.0,0.0
1.0667335001980083e+17,335.00198303,0.013930000364780426,-1.10807438,0.0185100007802248,21.445061050988265,0.060180001147512485,20.356748361425055,0.013942066223668594,19.495437236103765,0.010235226344059463,19.003963336426416,0.011554407347039927,18.85025577290768,0.019317154481182177,3700.0,5.25,-3.7,-34.932512,-35.916079,-36.765533,-37.017915,-37.335581,-37.564293,-37.896877,-37.481317,56.22381715157024,0.013307787785210703,1.2158954731559837,17.800334102528577,0.013307787785210703,16.969117398368958,0.013307787785210703,16.9141427540941,0.013307787785210703,2.6776289848127324e+18,335.0019933595215,0.5507815,-1.1080742873011422,0.5107617,-0.02974525799651498,0.64579856,13.608365,6.862313299233527,0.79229635,-11.751436021423064,0.64678156,1.0097953,436527232.0,52.0,63.0,5.0,262160391.0,655360.0,196608.0,262144069.0,524416.0,196608.0,262144069.0,524416.0,196608.0,262144069.0,524416.0,196608.0,262144069.0,524416.0,196608.0
1.0625335032315061e+17,335.03231886,0.002240000059828162,-1.45817815,0.0028699999675154686,17.278179364248988,0.001948994334649909,16.87021272973581,0.001163789576953378,16.71091738310768,0.0011865382558747066,16.778164228525807,0.0027340923078884006,16.66932090069997,0.005645702781811165,5812.5,0.0,-2.2,-38.287947,-38.721633,-38.802908,-38.800577,-38.868122,-38.720329,-38.468413,-38.011837,55.557596321263645,0.0013551395319624,0.03087001579740347,15.978077272221984,0.0013551395319624,15.731360568062371,0.0013551395319624,15.717401923787508,0.0013551395319624,2.6776013939422925e+18,335.03232312159895,0.08196003,-1.4581780957584802,0.07527835,0.28659112268387577,0.10147628,9.915416,9.841194347906665,0.079697356,-1.2109366339476026,0.092772126,0.99701506,503635968.0,60.0,76.0,5.0,262144069.0,524416.0,196608.0,262144069.0,524416.0,196608.0,262144069.0,524416.0,196608.0,262144069.0,524416.0,196608.0,262144069.0,524416.0,196608.0
1.0665334976344048e+17,334.97630555,0.013910000212490559,-1.12502974,0.020899999886751175,22.137125690292425,0.08234799995593198,20.936725216166653,0.020802002064422797,19.291894905760017,0.007073133825127039,18.595292855425978,0.00946346020532571,18.182607060512765,0.01563417115101379,3300.0,5.25,-3.9,-33.035076,-34.214688,-35.464228,-36.030176,-36.589533,-37.154195,-37.47454,-37.122412,54.89546934563157,0.017433221154308294,4.170108910602211,16.882084296589905,0.017433221154308294,16.063106592430294,0.017433221154308294,15.944699948155433,0.017433221154308294,2.6776288473737723e+18,334.97630898836076,0.5588246,-1.1250309121445732,0.6209188,1.7222736633768816,0.64836663,8.435728,-2.1092758024471276,0.73144007,-8.16777013029919,0.72693646,1.0453606,503635968.0,60.0,58.0,5.0,195035141.0,655360.0,196608.0,262144005.0,524416.0,196608.0,262144069.0,524416.0,196608.0,262144069.0,524416.0,196608.0,262144069.0,524416.0,196608.0
1.0661335054138557e+17,335.05412961,0.010569999925792217,-1.1540851,0.011029999703168869,21.219094879519147,0.04667700350880033,20.60702514052202,0.017362150724438762,20.29136062062063,0.01500722556195306,20.166716514705392,0.030335161896564898,20.172582560359157,0.06199405284277139,5000.0,4.5,1.0,-37.248945,-37.798879,-38.053912,-38.156744,-38.20592,-38.236517,-38.203478,-37.795597,58.38423594314527,0.017284546148012288,0.1302389801418408,19.28852889410361,0.017284546148012288,18.822935189943998,0.017284546148012288,18.76028154566913,0.017284546148012288,2.677627683437111e+18,335.0541339564412,2.0477211,-1.1540837916109867,1.6213434,nan,nan,nan,nan,nan,nan,nan,nan,436527104.0,52.0,65.0,5.0,195035141.0,524416.0,196608.0,262144005.0,524416.0,196608.0,262144069.0,524416.0,196608.0,262144005.0,655488.0,196608.0,195035141.0,524416.0,196608.0
1.0620335012579726e+17,335.0125758,0.004350000061094761,-1.49432064,0.004449999891221523,20.174473291117508,0.014804002849160839,19.295570365966846,0.0070245360448419674,18.971124425901152,0.0052033432302013485,18.740555478172425,0.009822557023136029,18.657427748907327,0.019515191383009195,4562.5,1.5,-0.1,-36.531697,-37.340435,-37.63873,-37.780828,-37.907819,-38.046546,-38.15544,-37.721402,56.607732062013056,0.005560225567232912,0.20169790544390273,17.701996012971396,0.005560225567232912,17.09446930881178,0.005560225567232912,17.05797266453692,0.005560225567232912,2.6775072826190776e+18,335.0125735888107,0.41510585,-1.4943236748874624,0.5020449,1.0224991237004488,0.4397191,7.822656,-2.74274509037123,0.43034223,-7.326070001238277,0.5984908,1.0297107,436527104.0,52.0,77.0,5.0,262144005.0,524416.0,196608.0,262144069.0,524416.0,196608.0,262144069.0,524416.0,196608.0,262144069.0,524416.0,196608.0,262144069.0,524416.0,196608.0
1.063433518520648e+17,335.18527578,0.0062500000931322575,-1.37970287,0.0063299997709691525,22.426033074853397,0.11291001826840671,21.09543001489669,0.02691511074589445,19.57789698477317,0.008157006339762699,18.87029289475297,0.011004354079419677,18.58570852189875,0.014764152562126412,3300.0,5.25,-3.9,-33.035076,-34.214688,-35.464228,-36.030176,-36.589533,-37.154195,-37.47454,-37.122412,55.177812498235,0.023561585832745313,3.421727080290413,17.164427449193337,0.023561585832745313,16.345449745033726,0.023561585832745313,16.227043100758863,0.023561585832745313,2.677556898081522e+18,335.1852834086633,0.9681481,-1.379708030744299,0.8534178,3.3053264651738665,1.109615,13.427618,8.817313558671898,1.2174135,-10.126988470970403,1.1385324,1.1947045,436527104.0,52.0,67.0,10.0,195035141.0,655360.0,0.0,262144069.0,524416.0,0.0,262144069.0,524416.0,0.0,262144069.0,524416.0,0.0,262144069.0,524416.0,0.0
1.0639335002134126e+17,335.00214719,0.005520000122487545,-1.34096321,0.0055599999614059925,22.529091301391123,0.12828299702831578,21.11831871795524,0.025301249319367378,19.28367781574425,0.006873003355521419,18.56535205201266,0.009032406417406108,18.07997583937352,0.013019158214377328,3300.0,5.25,-3.7,-32.563413,-33.703859,-35.224503,-35.919207,-36.420954,-37.016025,-37.388113,-37.080721,54.68167034529536,0.026378022340662968,4.864238237338268,16.8064552962537,0.026378022340662968,15.935734592094086,0.026378022340662968,15.772591947819224,0.026378022340662968,2.67760623866601e+18,335.00217639495185,0.95142424,-1.3409535374179897,0.77955794,2.5112732210590987,1.0971351,33.551155,32.963894133301814,0.8557679,6.2499427741717115,0.9135228,1.1135075,503635968.0,60.0,65.0,5.0,195035141.0,655360.0,196608.0,262144005.0,524416.0,196608.0,262144005.0,524416.0,196608.0,262144069.0,524416.0,196608.0,262144069.0,524416.0,196608.0
1.0646334939220394e+17,334.9392042,0.003819999983534217,-1.28045198,0.002420000033453107,19.697479443349884,0.010034913001673784,18.953811997837807,0.005062476250516186,18.624998757668738,0.0038709782116083803,18.506136768643813,0.007918702484008519,18.302806546496825,0.015071253071483453,4600.0,3.25,-1.6,-36.610738,-37.278006,-37.57614,-37.726719,-37.818319,-37.957552,-38.093452,-37.672482,56.21903110279941,0.004152883986956009,0.22401031774298388,17.40228905375775,0.004152883986956009,16.767756349598137,0.004152883986956009,16.71819170532327,0.004152883986956009,2.6776076130550784e+18,334.93920253404895,0.33899346,-1.28045828040783,0.2743868,0.8258108641392805,0.36514965,16.572975,-0.7932968399929067,0.35071623,-16.55397819701393,0.34458163,1.0394483,436527104.0,52.0,82.0,5.0,262144069.0,524416.0,196608.0,262144069.0,524416.0,196608.0,262144069.0,524416.0,196608.0,262144069.0,524416.0,196608.0,262144069.0,524416.0,196608.0
1.0652335199570357e+17,335.19961144,0.009440000168979168,-1.2307466,0.009809999726712704,21.366317881235265,0.04494800332927889,20.44343517545079,0.016547177602631573,20.13045533451407,0.012919275611648151,19.91315997024124,0.029368168644716135,19.937634224067335,0.05799305416506924,4700.0,5.25,-2.7,-36.507526,-37.329165,-37.623382,-37.747871,-37.825686,-37.946241,-38.027969,-37.597038,57.76492651710174,0.016354477592596797,0.1697015334001865,18.95949546806008,0.016354477592596797,18.379134763900467,0.016354477592596797,18.339531119625605,0.016354477592596797,2.6776118393032433e+18,335.19960515803234,1.4041499,-1.2307481159243696,1.0839084,1.5179442054710335,1.3939579,11.207088,-4.746887106936995,1.9719962,-10.152137316567178,1.3322239,1.1749122,436527104.0,52.0,61.0,10.0,195035141.0,655488.0,0.0,262144069.0,524416.0,0.0,262144069.0,524416.0,0.0,262144005.0,524416.0,0.0,195035141.0,524416.0,0.0
1.0677334935443075e+17,334.93547375,0.009170000441372395,-1.02480758,0.009139999747276306,22.056529040867744,0.08153001567104047,21.042497151837157,0.028217999869035632,19.88085389670199,0.011776084437701454,19.378095776309415,0.02067221040534923,19.07579427658084,0.023803112184055366,3600.0,5.25,-3.7,-34.370028,-35.353768,-36.408712,-36.78025,-37.127324,-37.440923,-37.784489,-37.399731,56.29477042845943,0.018521342898723762,2.1509484429959307,17.99465737941777,0.018521342898723762,17.152458675258153,0.018521342898723762,17.066682030983287,0.018521342898723762,2.6776335890179697e+18,334.93546872792314,1.3562777,-1.0248047834454712,1.2501279,nan,nan,nan,nan,nan,nan,nan,nan,436527104.0,52.0,56.0,5.0,195035141.0,524288.0,196608.0,262144005.0,524416.0,196608.0,262144069.0,524416.0,196608.0,262144005.0,524416.0,196608.0,262144069.0,524416.0,196608.0
1.0662334932765117e+17,334.93274534,0.016200000420212746,-1.14951036,0.016780000180006027,22.048158321557004,0.08661816244803794,21.14621734080615,0.03163100661319621,20.569288043801045,0.021756033535056174,20.308195558859477,0.041134103702639355,20.129674900060547,0.07284203756379315,3800.0,5.25,-3.8,-35.867083,-36.863333,-37.336236,-37.374505,-37.714677,-37.807618,-38.129643,-37.640044,57.87147363301685,0.025278076322601595,0.6050874593251807,19.20466558397519,0.025278076322601595,18.38400787981557,0.025278076322601595,18.403072235540705,0.025278076322601595,-999,-999,-999,-999,-999,-999,-999,-999,-999,-999,-999,-999,-999,436527104.0,52.0,39.0,5.0,195035141.0,655360.0,196608.0,262144005.0,655488.0,196608.0,262144069.0,524416.0,196608.0,195035141.0,524416.0,196608.0,195035141.0,655360.0,196608.0
1.0641335025781182e+17,335.02580709,0.00913000013679266,-1.32381212,0.009259999729692936,20.474001695079057,0.023371234868941486,19.999296275472883,0.01070075068598103,19.864356350931523,0.009476621433718234,19.85447001721768,0.025869206353362074,19.62502800726747,0.05920206099448682,5625.0,0.0,-2.3,-38.03942,-38.572702,-38.686958,-38.688027,-38.7769,-38.658892,-38.425544,-37.970004,58.516231869193724,0.014035137194468068,0.11991538792953725,18.99814982015206,0.014035137194468068,18.732865115992446,0.014035137194468068,18.717870471717582,0.014035137194468068,2.677607750493996e+18,335.02580682659055,0.64303553,-1.323812864400871,0.6259432,0.2992319369399274,0.821581,3.3841724,1.2234606829551558,0.7648204,-3.1552761298664813,0.82182676,0.9167521,436527104.0,52.0,73.0,5.0,262144069.0,524416.0,196608.0,262144069.0,524416.0,196608.0,262144069.0,524416.0,196608.0,262144069.0,524416.0,196608.0,195035141.0,524416.0,196608.0
1.0645334755006096e+17,334.75500842,0.011850000359117985,-1.29124012,0.021090000867843628,19.144546019423686,0.008216506634525186,18.56902404688471,0.004026305477839008,18.369614383959355,0.003503268612950583,18.34499338870412,0.009438592770244971,18.351755863574034,0.015293252039804976,5562.5,5.0,-2.2,-37.908725,-38.463134,-38.605486,-38.624312,-38.668968,-38.630635,-38.49626,-38.025739,57.01011174050919,0.004093729837134235,0.03932965263684677,17.52028669146753,0.004093729837134235,17.156028987307913,0.004093729837134235,17.156015343033047,0.004093729837134235,2.677526146115504e+18,334.75500531363264,0.21629478,-1.2912417845590556,0.18183742,0.13609139748764953,0.26494342,8.260961,-5.511348737458432,0.20934683,-6.153739245461679,0.21651936,1.013165,436527104.0,52.0,73.0,5.0,262144069.0,524416.0,196608.0,262144069.0,524416.0,196608.0,262144069.0,524416.0,196608.0,262144069.0,524416.0,196608.0,262144069.0,524416.0,196608.0
1.0660334857590418e+17,334.85762126,0.0018500000005587935,-1.163581,0.0019499999471008778,18.37480199460251,0.0041715992966718145,17.183221146727373,0.0014580182373141292,16.23771625297035,0.0008193273533131776,15.74059038270386,0.0014120112590193018,15.615987000835938,0.0020738847687576467,3600.0,5.25,-3.8,-34.710644,-35.721542,-36.595287,-36.865073,-37.264321,-37.534743,-37.866763,-37.442545,52.86183675556802,0.0010294489596653696,1.290090817259705,14.46790370652636,0.0010294489596653696,13.637251002366746,0.0010294489596653696,13.59093435809188,0.0010294489596653696,2.6776253813349125e+18,334.8576287675721,0.07914202,-1.16358365091993,0.070958056,2.067093248196744,0.09014054,17.59912,15.981939865192722,0.10041095,-7.369300705807011,0.098064154,1.0316689,503635968.0,60.0,84.0,5.0,262144069.0,524416.0,196608.0,262144069.0,524416.0,196608.0,262144069.0,524416.0,196608.0,262144069.0,524416.0,196608.0,262144069.0,524416.0,196608.0
1.0641335190142203e+17,335.1901972,0.004780000075697899,-1.32366067,0.003650000086054206,20.886973077290254,0.028767278909380186,19.711029433602285,0.008253801728369982,19.09878326962386,0.005051047310608751,18.77134072503061,0.008718599977189963,18.58692841653152,0.014885234914715467,3700.0,5.25,-3.8,-35.321296,-36.317193,-36.986985,-37.128968,-37.499213,-37.672445,-37.998751,-37.539705,56.061741984415704,0.006982202694805823,0.5533763432906837,17.53010693537404,0.006982202694805823,16.70516823121443,0.006982202694805823,16.693679586939567,0.006982202694805823,2.677604280160421e+18,335.1902005767389,0.42773655,-1.323657365368764,0.3997139,-0.32539333050562613,0.49758598,14.3113365,10.91706335334441,0.49211693,9.253759870397449,0.47419947,1.0016717,436527104.0,52.0,89.0,10.0,262144069.0,524416.0,0.0,262144069.0,524416.0,0.0,262144069.0,524416.0,0.0,262144069.0,524416.0,0.0,262144069.0,524416.0,0.0
1.0664335110644584e+17,335.11065303,0.010470000095665455,-1.12883416,0.004569999873638153,21.45506212417098,0.045872037880192666,20.280338043582812,0.011897240731657868,19.561284645466724,0.007691457715865743,19.27275599265837,0.015588317524337557,19.083545543951587,0.023870135569216952,3700.0,5.25,-3.8,-35.321296,-36.317193,-36.986985,-37.128968,-37.499213,-37.672445,-37.998751,-37.539705,56.58132826996609,0.011167319702482179,0.6185312795372975,18.04969322092443,0.011167319702482179,17.22475451676482,0.011167319702482179,17.213265872489956,0.011167319702482179,2.6776281644739313e+18,335.1106561158076,0.7398204,-1.1288318832363653,0.6936433,-0.6982269901079876,0.9122797,5.3419843,3.2404725458242654,1.1709764,4.246897018205783,1.0135247,1.080146,436527104.0,52.0,77.0,5.0,195035141.0,655488.0,196608.0,262144069.0,524416.0,196608.0,262144069.0,524416.0,196608.0,262144069.0,524416.0,196608.0,262144069.0,524416.0,196608.0
1.0624335041638453e+17,335.04161932,0.0022700000554323196,-1.46326128,0.0028099999763071537,15.438642008045148,0.0007932992328354828,15.032336010602776,0.00046775325535192586,14.859528319731119,0.00045452495329151505,14.805265549583453,0.0010524705558660307,14.742423000093408,0.0014527503742026008,5562.5,0.0,0.2,-38.019196,-38.406297,-38.540844,-38.591157,-38.62498,-38.566415,-38.423829,-37.964544,53.41213377761119,0.0004134192852098263,0.04955523665256977,13.986528728569528,0.0004134192852098263,13.630482024409915,0.0004134192852098263,13.619232380135054,0.0004134192852098263,2.6776011920789944e+18,335.0416151367952,0.033174068,-1.463265112958477,0.03073985,0.695379350485487,0.040209346,11.656003,-7.239084779897264,0.03439185,-9.135538104547429,0.03912041,0.97918,503635968.0,60.0,75.0,5.0,262144069.0,524416.0,196608.0,262144069.0,524416.0,196608.0,262144069.0,524416.0,196608.0,262144069.0,524416.0,196608.0,262144069.0,524416.0,196608.0
1.0642334967977651e+17,334.96796739,0.0016899999463930726,-1.31162413,0.005369999911636114,16.387599167613114,0.0012905984400379317,15.720010104180963,0.0006551389742496312,15.417301533353413,0.0005331345429032867,15.374822030045664,0.0010773290182493197,15.167588711933451,0.0017542681790671116,4937.5,1.5,-0.2,-37.136026,-37.813527,-38.045281,-38.135672,-38.22538,-38.284825,-38.280104,-37.831021,53.48464150942532,0.0005144775411034142,0.17743617154881802,14.340626460383664,0.0005144775411034142,13.846714756224046,0.0005144775411034142,13.825263111949186,0.0005144775411034142,2.6776072737526876e+18,334.96796558700134,0.04797232,-1.3116237778276083,0.043856394,1.2844173265028134,0.057572186,3.2312171,-3.1103558683646253,0.05621194,0.8754712630341897,0.059020065,0.946826,503635968.0,60.0,79.0,5.0,262144069.0,524416.0,196608.0,262144069.0,524416.0,196608.0,262144069.0,524416.0,196608.0,262144069.0,524416.0,196608.0,262144069.0,524416.0,196608.0
1.0664335144182662e+17,335.14419054,0.002730000065639615,-1.12815851,0.0038900000508874655,18.863021081268528,0.00568410524283501,18.48508956015087,0.0034211841085627914,18.30680642093341,0.003104679836124379,18.194761906721137,0.00597994409362489,18.188117855862778,0.013666285298618686,5562.5,0.0,1.0,-38.00284,-38.370973,-38.519174,-38.579553,-38.602924,-38.544895,-38.3994,-37.94779,56.822652164987346,0.003323730886983871,0.06278359636470976,17.418567115945688,0.003323730886983871,17.06542941178607,0.003323730886983871,17.04650476751121,0.003323730886983871,2.6776178522572063e+18,335.1441906119293,0.18220815,-1.1281589317114464,0.19078708,-0.06216015434767589,0.21189609,1.4023471,0.44222528734133837,0.22870453,-1.3307946008637264,0.22266294,0.95969045,436527104.0,52.0,83.0,5.0,262144069.0,524416.0,196608.0,262144069.0,524416.0,196608.0,262144069.0,524416.0,196608.0,262144069.0,524416.0,196608.0,262144069.0,524416.0,196608.0
1.0648334983311451e+17,334.98330866,0.001970000099390745,-1.26326802,0.0012199999764561653,18.93044490531288,0.00571354044054805,17.711110231171705,0.0019222902968889636,16.89931422644805,0.0012416208157798193,16.497375702701365,0.002290459192266714,16.39756995507458,0.0033791490104594585,3600.0,5.25,-3.9,-35.051259,-36.089317,-36.781863,-36.949897,-37.401318,-37.628562,-37.949038,-37.48536,53.74189380414172,0.0014771082282324128,0.9491936790226418,15.254141755100054,0.0014771082282324128,14.43503305094044,0.0014771082282324128,14.42817640666558,0.0014771082282324128,2.677609090523838e+18,334.9833103033475,0.11192686,-1.2632614618307958,0.10934439,1.6715670243271812,0.13371187,12.209857,4.887970059017104,0.1412185,11.188760664657048,0.139634,0.9840614,503635968.0,60.0,79.0,5.0,262144069.0,524416.0,196608.0,262144069.0,524416.0,196608.0,262144069.0,524416.0,196608.0,262144069.0,524416.0,196608.0,262144069.0,524416.0,196608.0
1.0650334925081078e+17,334.92508886,0.0022100000642240047,-1.24972031,0.0035000001080334187,18.299108597973856,0.0034929377529893985,17.063295514166214,0.001581472263992424,16.52836635339545,0.0010293368531638309,16.103337026430165,0.0014499178926379057,15.89852518540338,0.0023436747360948552,3700.0,5.25,-3.8,-35.321296,-36.317193,-36.986985,-37.128968,-37.499213,-37.672445,-37.998751,-37.539705,53.429257535473816,0.0009665666286256319,0.6069589559636562,14.897622486432152,0.0009665666286256319,14.072683782272541,0.0009665666286256319,14.06119513799768,0.0009665666286256319,2.6776196776183414e+18,334.92508955252316,0.07838567,-1.2497176641810954,0.08422468,1.665850001133458,0.09267491,5.072118,5.055363620780103,0.10386706,-0.4119182696117846,0.09746986,0.9826562,503635968.0,60.0,86.0,5.0,262144069.0,524416.0,196608.0,262144069.0,524416.0,196608.0,262144069.0,524416.0,196608.0,262144069.0,524416.0,196608.0,262144069.0,524416.0,196608.0
1.0645335239205776e+17,335.23924256,0.0065899998880922794,-1.28558513,0.007209999952465296,18.531868133902755,0.004866511180375359,17.508340613760534,0.0020141078480553146,16.434977771055443,0.0010717821486097066,15.906784250390501,0.001313304366563154,15.638279939362398,0.0021817861647068157,3600.0,5.25,-3.8,-34.710644,-35.721542,-36.595287,-36.865073,-37.264321,-37.534743,-37.866763,-37.442545,53.035423541694335,0.0011895080948717371,1.8966004490110895,14.641490492652675,0.0011895080948717371,13.81083778849306,0.0011895080948717371,13.764521144218195,0.0011895080948717371,2.6776105035681454e+18,335.23924481817494,0.07501666,-1.2855859948209216,0.072548606,3.132137654819022,0.08617121,5.9211054,4.395554441635092,0.092657596,-3.967189290242444,0.09406387,0.9483019,503635968.0,60.0,76.0,5.0,262144069.0,524416.0,196608.0,262144069.0,524416.0,196608.0,262144069.0,524416.0,196608.0,262144069.0,524416.0,196608.0,262144069.0,524416.0,196608.0
1.06643350749144e+17,335.07490423,0.004389999900013208,-1.13036742,0.005009999964386225,20.845937282002325,0.026707391218252555,19.659006236690782,0.007237984922289764,18.817212011835366,0.0042353009295601875,18.392375812429357,0.006892763762857998,18.233068356325408,0.012176289384117777,3700.0,5.25,-3.7,-34.932512,-35.916079,-36.765533,-37.017915,-37.335581,-37.564293,-37.896877,-37.481317,55.58304393985666,0.006259019606425175,1.0131988202636928,17.159560890814998,0.006259019606425175,16.32834418665538,0.006259019606425175,16.27336954238052,0.006259019606425175,2.6776281258189773e+18,335.0749034127759,0.33791456,-1.1303648995640767,0.3558809,-0.3450581397360145,0.3885813,8.71246,0.6516615641329914,0.4289113,8.688054017263077,0.4329376,1.0221335,436527104.0,52.0,86.0,5.0,262144069.0,524416.0,196608.0,262144069.0,524416.0,196608.0,262144069.0,524416.0,196608.0,262144069.0,524416.0,196608.0,262144069.0,524416.0,196608.0
1.0674334946570338e+17,334.94659755,0.008940000087022781,-1.04764087,0.007189999800175428,21.152579307960195,0.03845909500300762,19.996285576935264,0.010538406812336637,19.336109269032857,0.007119594953507616,19.014243756734874,0.013498375210214542,18.93193253197011,0.02587012813051789,3800.0,5.25,-3.7,-35.397698,-36.404124,-37.058686,-37.228045,-37.514694,-37.683869,-38.007623,-37.567673,56.40687948852667,0.00998462478353559,0.6065946576766982,17.863820439485007,0.00998462478353559,17.04143373532539,0.00998462478353559,17.01084909105053,0.00998462478353559,2.677633142341094e+18,334.94659613279134,0.47247678,-1.047642998102767,0.4571049,-0.3987427109878864,0.55855745,8.102691,-5.0231759666036915,0.6214957,-6.3577743620424245,0.5742824,0.928966,436527104.0,52.0,72.0,5.0,262144005.0,655488.0,196608.0,262144069.0,524416.0,196608.0,262144069.0,524416.0,196608.0,262144069.0,524416.0,196608.0,262144069.0,524416.0,196608.0
1.0646335025098853e+17,335.02508603,0.004000000189989805,-1.27658512,0.004480000119656324,18.122228965537342,0.0036003059129007834,17.8212253994483,0.002683684863692259,17.75023031887865,0.002267820947893613,17.787935988547797,0.005113112108754361,17.620087741593014,0.012142324047825701,6000.0,0.0,-2.1,-38.520028,-38.857318,-38.904521,-38.903711,-38.953515,-38.77533,-38.504692,-38.045609,56.64816028280102,0.0028205483699797183,0.046653240499784074,17.013640233759364,0.0028205483699797183,16.785645529599748,0.0028205483699797183,16.774193885324884,0.0028205483699797183,2.6776089187251395e+18,335.0250838489326,0.13490021,-1.2765902100455562,0.13409205,0.20185128651771647,0.16567312,16.05095,-6.804714785464584,0.16055036,-14.537154103636315,0.16991429,1.0104669,436527104.0,52.0,71.0,5.0,262144069.0,524416.0,196608.0,262144069.0,524416.0,196608.0,262144069.0,524416.0,196608.0,262144069.0,524416.0,196608.0,262144069.0,524416.0,196608.0
1.0629334874049024e+17,334.8740758,0.009999999776482582,-1.42518186,0.005309999920427799,20.540525192776407,0.01805984992126019,19.427874000396223,0.006268540178207818,18.629100131964876,0.004016629343237604,18.34525877453963,0.007414730119872132,18.045348162532942,0.01416525920262565,3600.0,5.25,-3.9,-35.051259,-36.089317,-36.781863,-36.949897,-37.401318,-37.628562,-37.949038,-37.48536,55.45235205244202,0.005048638935211408,0.7802941072403504,16.96460000340036,0.005048638935211408,16.145491299240746,0.005048638935211408,16.138634654965884,0.005048638935211408,2.6775118181045704e+18,334.8740831070572,0.32090044,-1.4251803615612397,0.2985661,0.8767340104018245,0.3722725,14.951131,14.949829160741656,0.33821025,-0.1973133492589679,0.36661193,1.0190839,503635968.0,60.0,84.0,5.0,262144005.0,524416.0,196608.0,262144069.0,524416.0,196608.0,262144069.0,524416.0,196608.0,262144069.0,524416.0,196608.0,262144069.0,524416.0,196608.0
1.0667335029567602e+17,335.02957028,0.007799999788403511,-1.10371887,0.007689999882131815,21.022839387323447,0.038778023882133146,20.15108905124467,0.011410340207525974,19.75958039770058,0.015213265126713456,19.411063939478193,0.017786282921414376,19.351638430353994,0.03611809230964885,4312.5,2.5,0.5,-36.152363,-36.955611,-37.334172,-37.516118,-37.628612,-37.811482,-37.998656,-37.607695,57.05661744122018,0.011808882907234471,0.38323010537996505,18.385945392178524,0.011808882907234471,17.70013868801891,0.011808882907234471,17.620565043744044,0.011808882907234471,2.677629190970884e+18,335.0295724234583,0.5647054,-1.1037489884496532,0.59661734,0.48565777502951585,0.6603777,31.197903,5.45294024660548,0.7799753,-30.71765819394827,0.7462684,1.039647,436527104.0,52.0,65.0,5.0,262144005.0,524416.0,196608.0,262144069.0,524416.0,196608.0,262144005.0,524416.0,196608.0,262144069.0,524416.0,196608.0,262144005.0,524416.0,196608.0
1.0650334849557413e+17,334.84955401,0.008630000054836273,-1.24692717,0.008609999902546406,22.21193188351224,0.08861302123993801,21.033279872088226,0.024097009444974494,19.84333776965706,0.011707057906876126,19.40302413441288,0.016348261091069134,19.20972674295183,0.028768089060412994,3600.0,5.25,-3.7,-34.370028,-35.353768,-36.408712,-36.78025,-37.127324,-37.440923,-37.784489,-37.399731,56.348276480524454,0.019662001109943483,1.8214269348585073,18.048163431482795,0.019662001109943483,17.205964727323177,0.019662001109943483,17.120188083048312,0.019662001109943483,2.6776203948780923e+18,334.8495574471669,3.4377954,-1.246931665589208,8.868735,nan,nan,nan,nan,nan,nan,nan,nan,436527104.0,52.0,66.0,5.0,195035141.0,655360.0,196608.0,262144069.0,524416.0,196608.0,262144005.0,524416.0,196608.0,262144069.0,524416.0,196608.0,262144005.0,524416.0,196608.0
1.0666335161636573e+17,335.16164505,0.0032999999821186066,-1.11221892,0.0027799999807029963,19.451342702179332,0.008213881528079049,18.34325186762976,0.0025571138353418375,17.449786817139078,0.0015759921022778817,17.06357167998074,0.002737041861764249,16.874964757870316,0.0039709669269305395,3700.0,5.25,-3.7,-34.932512,-35.916079,-36.765533,-37.017915,-37.335581,-37.564293,-37.896877,-37.481317,54.23010756495985,0.0019975025258405377,1.0996211121707,15.806624515918191,0.0019975025258405377,14.975407811758572,0.0019975025258405377,14.920433167483717,0.0019975025258405377,2.677617886616956e+18,335.1616471451743,0.14009899,-1.1122108613727004,0.14886959,1.526191445063284,0.16373774,16.505262,6.317756000372457,0.17659433,15.248267616798506,0.1821308,1.078172,503635968.0,60.0,93.0,5.0,262144005.0,524416.0,196608.0,262144069.0,524416.0,196608.0,262144069.0,524416.0,196608.0,262144069.0,524416.0,196608.0,262144069.0,524416.0,196608.0
1.0646335074057541e+17,335.07406354,0.0038300000596791506,-1.27922589,0.004310000222176313,19.55303568805196,0.00887327814503152,18.782551211335186,0.004801690535538601,18.51136955135616,0.003981959292369655,18.35593242542097,0.007644729844984462,18.29100055296973,0.01304129375469124,4812.5,1.75,-0.1,-36.954459,-37.659745,-37.912402,-38.019996,-38.117399,-38.20367,-38.240817,-37.795722,56.4315780858268,0.0037210994829120544,0.11761270891790358,17.368718036785136,0.0037210994829120544,16.832938332625524,0.0037210994829120544,16.807498688350663,0.0037210994829120544,2.677608334609585e+18,335.0740659312041,0.251798,-1.2792272263624263,0.23732246,-0.015124311799703083,0.31014952,10.834396,10.563972564542787,0.28219834,-2.405541591743136,0.29360983,1.0016427,503635968.0,60.0,79.0,5.0,262144069.0,524416.0,196608.0,262144069.0,524416.0,196608.0,262144069.0,524416.0,196608.0,262144069.0,524416.0,196608.0,262144069.0,524416.0,196608.0
1.0667335093570067e+17,335.0935701,0.00506999995559454,-1.10814874,0.006039999891072512,19.70024689408671,0.009987854674939487,19.074322832243183,0.004574738825796471,18.824011032159614,0.004540685680639445,18.713307508438472,0.009079612407655206,18.74807240653919,0.018481205775776614,5187.5,0.5,0.2,-37.499168,-38.051335,-38.268441,-38.342192,-38.390772,-38.397819,-38.333556,-37.889888,57.12237373469343,0.004755197708538183,0.08434513986200844,17.865364685651773,0.004755197708538183,17.430994981492155,0.004755197708538183,17.404128337217294,0.004755197708538183,2.6776284694163753e+18,335.0935725419509,0.2860098,-1.1081498804605814,0.28896567,0.250014692544458,0.33465567,6.49709,2.0808247882189943,0.34083426,-6.154863520553367,0.34990603,1.0311521,436527104.0,52.0,85.0,5.0,262144069.0,524416.0,196608.0,262144069.0,524416.0,196608.0,262144069.0,524416.0,196608.0,262144069.0,524416.0,196608.0,262144069.0,524416.0,196608.0
1.0646334981733706e+17,334.98170895,0.007770000025629997,-1.27785639,0.011289999820291996,20.18239219062934,0.01351328584170442,19.13373122520174,0.00476835363367593,18.646041274257097,0.003912829389773408,18.40650289670642,0.007137770030354004,18.34678480030436,0.01541224338394719,4250.0,1.0,0.4,-35.921169,-36.854901,-37.275635,-37.473829,-37.59904,-37.797875,-38.011402,-37.604863,55.9680052774198,0.004512832066811784,0.3498129510130983,17.31094022837814,0.004512832066811784,16.598780524218526,0.004512832066811784,16.534784879943658,0.004512832066811784,2.677609056164092e+18,334.9817064379379,0.32346967,-1.27785974316629,0.29963058,0.7122914291977985,0.40867427,13.521445,-9.407898840621698,0.41012856,-9.711896285300623,0.39593694,1.0312344,436527104.0,52.0,92.0,5.0,262144069.0,524416.0,196608.0,262144069.0,524416.0,196608.0,262144069.0,524416.0,196608.0,262144069.0,524416.0,196608.0,262144069.0,524416.0,196608.0
1.0676335013710365e+17,335.01370201,0.006339999847114086,-1.03070981,0.006579999811947346,21.485469092736878,0.03959109363641336,20.43429719254414,0.014329279481664252,19.561912023973925,0.008154502363142333,19.144658951898784,0.013980361001097622,18.978650241199333,0.025812128509668755,3600.0,5.25,-3.9,-35.051259,-36.089317,-36.781863,-36.949897,-37.401318,-37.628562,-37.949038,-37.48536,56.37572830047061,0.010394220175659268,1.1621228319982804,17.88797625142895,0.010394220175659268,17.068867547269335,0.010394220175659268,17.062010902994473,0.010394220175659268,2.677632661304762e+18,335.0137087444293,0.66809434,-1.0307101467120219,0.7173592,0.24100325771289438,0.7650351,5.8513594,5.7390465255082805,0.9365768,-1.1409433031470557,0.896598,1.10986,436527104.0,52.0,75.0,5.0,195035141.0,655488.0,196608.0,262144069.0,524416.0,196608.0,262144069.0,524416.0,196608.0,262144069.0,524416.0,196608.0,262144069.0,524416.0,196608.0
1.0667334827412005e+17,334.82742773,0.0048500001430511475,-1.10868626,0.002749999985098839,16.5006186188613,0.0012279121266246438,16.13294049392605,0.0009817401112938544,16.020134031589922,0.0009218577855700872,16.030951684267635,0.0016534708866506509,15.982105642897023,0.002499593688438949,5875.0,0.75,-1.2,-38.354731,-38.722308,-38.801992,-38.807108,-38.845753,-38.729401,-38.512715,-38.049821,54.83972849430839,0.0007015222931293467,0.011567032167304434,15.251137445266725,0.0007015222931293467,14.969190741107113,0.0007015222931293467,14.96155009683225,0.0007015222931293467,2.6776267857891953e+18,334.8274298715192,0.051255926,-1.108688045901439,0.04488074,0.29146111344648834,0.05578792,10.43961,7.003970537978558,0.06304249,-7.741436511142651,0.053760074,0.9943709,503635968.0,60.0,82.0,5.0,262144069.0,524416.0,196608.0,262144069.0,524416.0,196608.0,262144069.0,524416.0,196608.0,262144069.0,524416.0,196608.0,262144069.0,524416.0,196608.0
1.0651335232509682e+17,335.23253381,0.0025500000920146704,-1.23638539,0.003819999983534217,19.252306935019536,0.007638971568615341,18.33020276275695,0.0035118278419325366,17.880985286376607,0.002304471598704737,17.696979676935293,0.004614214627068364,17.551956985300023,0.00658958538373571,4250.0,2.5,0.3,-36.028821,-36.862143,-37.246409,-37.434587,-37.557011,-37.766492,-38.003622,-37.602022,55.16828052927769,0.002372433543186555,0.3108164043433771,16.542598480236027,0.002372433543186555,15.806835776076412,0.002372433543186555,15.737901131801552,0.002372433543186555,2.6776116675042324e+18,335.232534427194,0.15956783,-1.2363871732153002,0.15782769,0.6933117115524954,0.1776028,6.6929717,1.9504480367197363,0.18904735,-6.402470164330799,0.18208072,0.9504825,503635968.0,60.0,75.0,5.0,262144069.0,524416.0,196608.0,262144069.0,524416.0,196608.0,262144069.0,524416.0,196608.0,262144069.0,524416.0,196608.0,262144069.0,524416.0,196608.0
1.0651334982339122e+17,334.98232608,0.00860000029206276,-1.24102861,0.006370000075548887,22.594250452623058,0.12832503415945257,21.13352766221452,0.028320221090845005,19.69694353313929,0.009657002520099758,19.075500212070693,0.011899308789691199,18.879915872381737,0.025239081678293303,3400.0,5.25,-3.8,-33.558321,-34.70938,-35.862082,-36.340758,-36.805771,-37.241216,-37.538762,-37.180821,55.73128994648586,0.026937863171356564,2.8094526838218665,17.630883897444196,0.026937863171356564,16.834705193284584,0.026937863171356564,16.722111549009718,0.026937863171356564,2.677621013353757e+18,334.9823262882094,1.3313204,-1.2410314774387048,1.1033754,3.725083106972003,1.5657936,10.574375,1.1503071046008286,1.2587054,-10.511621887776682,1.2857476,0.9819477,436527104.0,52.0,68.0,5.0,195035141.0,655360.0,196608.0,262144005.0,524416.0,196608.0,262144069.0,524416.0,196608.0,262144069.0,524416.0,196608.0,262144069.0,524416.0,196608.0
1.0660334902243483e+17,334.90222665,0.004490000195801258,-1.16306964,0.005900000222027302,20.187348554715744,0.013769259800901388,19.14240603402246,0.006334760264865123,18.612379143818814,0.0036339620124829033,18.347310101530237,0.008228667664500667,18.125191776976994,0.015267245058371869,3700.0,5.25,-3.9,-35.71008,-36.718308,-37.208436,-37.24002,-37.662846,-37.780598,-38.100624,-37.598092,55.79086512221285,0.00466359143232501,0.4318921940025144,17.15107707317119,0.00466359143232501,16.33241836901157,0.00466359143232501,16.36441572473671,0.00466359143232501,2.6776224908218665e+18,334.90222458095894,0.2988132,-1.1630753470923771,0.26827246,0.7516438624085183,0.3462914,19.964373,-8.100758188472264,0.32410064,-18.247024285592214,0.31233633,0.9414836,503635968.0,60.0,74.0,5.0,262144005.0,524416.0,196608.0,262144069.0,524416.0,196608.0,262144069.0,524416.0,196608.0,262144069.0,524416.0,196608.0,262144069.0,524416.0,196608.0
1.0636334926809654e+17,334.92678769,0.008609999902546406,-1.36161525,0.006630000192672014,22.014880116706696,0.06775800584695307,20.88314516563709,0.025114012701757695,19.56241786572731,0.008221216521753743,18.982835927092655,0.011859386299209629,18.66494119024974,0.021872132640916423,3400.0,5.25,-3.9,-33.768109,-34.920906,-35.953811,-36.371386,-36.883879,-37.315431,-37.613851,-37.226192,55.6012622530827,0.015373333563145051,2.707383526891646,17.426641204041044,0.015373333563145051,16.62958849988143,0.015373333563145051,16.546712855606565,0.015373333563145051,2.677606620917155e+18,334.92679000268794,0.87775075,-1.3616176720847784,0.75358903,1.1952519323384048,1.1431229,11.284403,-4.996035504490143,0.7894655,-10.118170543379122,0.9695896,1.1216601,436527104.0,52.0,62.0,5.0,195035141.0,655360.0,196608.0,262144069.0,524416.0,196608.0,262144069.0,524416.0,196608.0,262144069.0,524416.0,196608.0,262144005.0,524416.0,196608.0
1.0665335035778821e+17,335.03576519,0.008940000087022781,-1.11854687,0.008990000002086163,22.541355286651704,0.1402021185199105,21.421780451490307,0.03863725126827095,19.919580217462197,0.014395013964092856,19.17166125213657,0.01472723825700592,18.875369594390115,0.021704087630474343,3500.0,4.5,-3.3,-33.610955,-34.502806,-35.908219,-36.476903,-36.762442,-37.180038,-37.508405,-37.211572,55.83821436042618,0.02969487943509109,3.7078256455706096,17.798986311384514,0.02969487943509109,16.9719866072249,0.02969487943509109,16.798284962950042,0.02969487943509109,-999,-999,-999,-999,-999,-999,-999,-999,-999,-999,-999,-999,-999,436527104.0,52.0,53.0,5.0,195035141.0,655360.0,196608.0,262144005.0,524416.0,196608.0,262144005.0,524416.0,196608.0,262144069.0,524416.0,196608.0,262144069.0,524416.0,196608.0
1.0630334890900843e+17,334.89091373,0.003980000037699938,-1.41006399,0.003640000009909272,20.47318868080944,0.018394865945968758,19.329094316550727,0.005892617558837855,18.40005438854719,0.003539834965443369,18.031881902393195,0.006156877921882421,17.777276796705003,0.009207398006911643,3700.0,5.25,-3.7,-34.932512,-35.916079,-36.765533,-37.017915,-37.335581,-37.564293,-37.896877,-37.481317,55.19582321700111,0.004509136459456975,1.1374201131569093,16.772340167959452,0.004509136459456975,15.941123463799833,0.004509136459456975,15.886148819524978,0.004509136459456975,2.6775118524643154e+18,334.8909132748717,0.27428442,-1.4100669255819998,0.25496387,1.4827626549908293,0.31500265,8.9413395,-1.2416208497446943,0.28830612,-8.854712740590271,0.31870076,0.9470776,503635968.0,60.0,80.0,5.0,262144069.0,524416.0,196608.0,262144069.0,524416.0,196608.0,262144069.0,524416.0,196608.0,262144069.0,524416.0,196608.0,262144069.0,524416.0,196608.0
1.0659334795810565e+17,334.79581848,0.009759999811649323,-1.17067257,0.007459999993443489,22.476110346760276,0.11008501329085502,21.076194315854703,0.028860088687576006,19.595327069127283,0.01085900733927565,18.963097763771255,0.01201732689217874,18.630412788117862,0.017657130248696144,3300.0,5.25,-4.0,-33.270908,-34.470102,-35.584091,-36.085661,-36.673823,-37.22328,-37.517753,-37.143257,55.36514545672628,0.023260028637084543,3.098935841976475,17.282675407684618,0.023260028637084543,16.489569703525007,0.023260028637084543,16.393531059250144,0.023260028637084543,2.67762486164436e+18,334.79581286264124,1.1993732,-1.1706725256095187,1.6992171,1.3864870716319269,1.1490719,4.068919,-1.2627406747607883,1.5823574,-3.8680214105948356,2.1039588,1.1496727,436527104.0,52.0,60.0,10.0,195035141.0,655360.0,196608.0,262144005.0,524416.0,196608.0,262144069.0,524416.0,196608.0,262144069.0,524416.0,196608.0,262144069.0,524416.0,196608.0
1.0658334795578734e+17,334.79560001,0.024609999731183052,-1.17755767,0.02573000080883503,21.517723720800063,0.04646814429457767,21.21547969053665,0.034636029770119904,21.017652190563204,0.03917606072712943,21.174553069336916,0.07039307077900667,20.75530995213915,0.11578802396244016,5812.5,0.0,-2.4,-38.27787,-38.739106,-38.822099,-38.810956,-38.887719,-38.731114,-38.466272,-38.010172,59.843693724675205,0.0304996771349068,0.39224080017747154,20.253389675633546,0.0304996771349068,20.019598971473933,0.0304996771349068,20.00516432719907,0.0304996771349068,-999,-999,-999,-999,-999,-999,-999,-999,-999,-999,-999,-999,-999,436527104.0,52.0,36.0,10.0,195035141.0,655488.0,196608.0,262144005.0,524416.0,196608.0,195035205.0,524416.0,196608.0,195035141.0,655360.0,196608.0,195035141.0,655360.0,196608.0
1.0646334983014973e+17,334.98303136,0.005419999826699495,-1.27560419,0.005330000072717667,21.49955039293054,0.04051812004796699,20.280210365356393,0.012216310805833373,19.316960515940554,0.007312546313116345,18.816598135013393,0.010202492579815925,18.672194758533436,0.02226614872959097,3600.0,5.25,-3.8,-34.710644,-35.721542,-36.595287,-36.865073,-37.264321,-37.534743,-37.866763,-37.442545,55.94847623355487,0.009887976273428495,1.3149309257789072,17.55454318451321,0.009887976273428495,16.723890480353596,0.009887976273428495,16.67757383607873,0.009887976273428495,2.67760909052416e+18,334.9830306680424,0.5705654,-1.2756103340848552,0.5197693,0.676372437793469,0.6974616,6.3294034,-1.444515448201868,0.6990503,-6.162363566814709,0.6652784,0.9098577,436527104.0,52.0,78.0,5.0,195035141.0,655488.0,196608.0,262144069.0,524416.0,196608.0,262144069.0,524416.0,196608.0,262144069.0,524416.0,196608.0,262144069.0,524416.0,196608.0
1.0633334949284424e+17,334.94927721,0.017160000279545784,-1.38854007,0.017340000718832016,23.031051555235617,0.1676803659606188,21.85759743293733,0.0666013083882759,20.754051089054354,0.02382705276850151,20.104810269664828,0.02935510732199832,19.959711179860406,0.0583450284714675,3600.0,5.25,-3.7,-34.370028,-35.353768,-36.408712,-36.78025,-37.127324,-37.440923,-37.784489,-37.399731,57.1494607053505,0.03867093612757397,1.9689475349878167,18.84934765630884,0.03867093612757397,18.007148952149223,0.03867093612757397,17.921372307874357,0.03867093612757397,-999,-999,-999,-999,-999,-999,-999,-999,-999,-999,-999,-999,-999,436527104.0,52.0,38.0,5.0,195035141.0,655360.0,196608.0,195035141.0,655360.0,196608.0,262144069.0,524416.0,196608.0,262144069.0,524416.0,196608.0,195035141.0,655360.0,196608.0
1.0664335178087803e+17,335.17807608,0.005510000046342611,-1.12703348,0.007000000216066837,19.55420023591316,0.01000964078854525,19.358702963143656,0.006000081584130696,19.295023563564694,0.0060472632257116965,19.2929188602485,0.014396385832158366,19.30516917506601,0.03670710280169543,6312.5,2.0,0.9,-38.702476,-38.891503,-38.946153,-38.945749,-38.943275,-38.815382,-38.592165,-38.118855,58.2470341595872,0.008312474003269028,0.0030048410838956446,18.57246211054554,0.008312474003269028,18.297046406385924,0.008312474003269028,18.29982176211106,0.008312474003269028,2.6776176804585155e+18,335.17807502827856,0.33008808,-1.1270348973790465,0.34204456,-0.1354956866369904,0.355922,4.3391814,-1.915044508729124,0.39484853,-3.893725809413936,0.379808,1.059747,436527104.0,52.0,77.0,5.0,262144069.0,524416.0,196608.0,262144069.0,524416.0,196608.0,262144069.0,524416.0,196608.0,262144069.0,524416.0,196608.0,262144005.0,524416.0,196608.0
1.065033508602447e+17,335.08599763,0.002959999954327941,-1.24645535,0.0029200001154094934,19.597033258664595,0.008399526051940394,18.75302233063773,0.0035906692605227847,18.46925170926578,0.003083561126844502,18.351945160518515,0.007238772615179547,18.18321563250021,0.01300329569293395,4937.5,0.5,-2.3,-37.025712,-37.866898,-38.08866,-38.170666,-38.341536,-38.361471,-38.243501,-37.807226,56.569588018317376,0.0035464845732687076,0.1291023785556698,17.348926969275713,0.0035464845732687076,16.968264265116098,0.0035464845732687076,16.934004620841236,0.0035464845732687076,2.6776087469264635e+18,335.08598704130407,0.26542264,-1.2464581833557284,0.23048906,0.10322999991677233,0.32702357,9.358063,-7.829353803449168,0.26793957,-5.125870626127341,0.29704195,0.97954553,436527232.0,52.0,95.0,5.0,262144069.0,524416.0,196608.0,262144069.0,524416.0,196608.0,262144069.0,524416.0,196608.0,262144069.0,524416.0,196608.0,262144069.0,524416.0,196608.0
1.064333500475246e+17,335.00470946,0.009150000289082527,-1.30487089,0.009220000356435776,21.65669677560448,0.042943029988801285,20.461230241070037,0.017652187784055463,20.069490752483997,0.010661352915376022,19.83791054962326,0.02961116915231456,19.627192755588187,0.05036906294999931,4437.5,0.0,-2.4,-36.072893,-37.176382,-37.506363,-37.689058,-37.968288,-38.081209,-38.018238,-37.637287,57.61310101487399,0.015077442548651041,0.25236716387281855,18.672701965832328,0.015077442548651041,18.237040261672718,0.015077442548651041,18.14745661739785,0.015077442548651041,2.677608029666723e+18,335.0047119472676,2.403839,-1.3048693927390125,1.510184,nan,nan,nan,nan,nan,nan,nan,nan,436527104.0,52.0,72.0,5.0,195035141.0,524416.0,196608.0,262144069.0,524416.0,196608.0,262144069.0,524416.0,196608.0,262144069.0,524416.0,196608.0,195035141.0,524416.0,196608.0
1.0649334914301315e+17,334.91428994,0.01152000017464161,-1.25609332,0.0062500000931322575,20.583560683495858,0.01898748046082449,20.000868472685497,0.010060919189506147,19.785636701317493,0.008797725365727064,19.70499732061085,0.029132184259357916,19.531960339573196,0.04318208502099698,4900.0,5.0,-2.0,-37.133188,-37.691784,-37.934121,-38.034155,-38.104453,-38.186576,-38.247609,-37.807096,57.70094490353659,0.011406179215285923,0.13227979196680048,18.655178854494924,0.011406179215285923,18.095513150335314,0.011406179215285923,18.065491506060447,0.011406179215285923,2.677619638963521e+18,334.91428806522475,0.64925456,-1.2560962426207911,0.577772,-0.864789117906003,0.7368447,4.8190684,-0.7138872523929974,0.80142915,-4.765898348973938,0.76906055,0.943427,436527104.0,52.0,80.0,5.0,262144069.0,524416.0,196608.0,262144069.0,524416.0,196608.0,262144069.0,524416.0,196608.0,262144069.0,524416.0,196608.0,195035141.0,524416.0,196608.0
1.0641335193812363e+17,335.19382645,0.009619999676942825,-1.32232789,0.010160000063478947,20.847869011228298,0.024138110923942295,20.590004480724925,0.01539945703835928,20.486820745723794,0.016113339591122836,20.36183463022602,0.03627914532107976,20.315385034078556,0.07156905239670479,5750.0,0.0,1.0,-38.25153,-38.520392,-38.622753,-38.675919,-38.695994,-38.612165,-38.444827,-37.982301,59.07370038039633,0.017340976944822874,0.06628044994496059,19.602345331354673,0.017340976944822874,19.27105062719506,0.017340976944822874,19.263041982920193,0.017340976944822874,2.677610155675683e+18,335.1938235782842,2.2842336,-1.3223294994148878,1.6046283,nan,nan,nan,nan,nan,nan,nan,nan,436527104.0,52.0,76.0,10.0,262144005.0,524416.0,0.0,262144069.0,524416.0,0.0,262144069.0,524416.0,0.0,262144069.0,655488.0,0.0,195035141.0,524416.0,0.0
1.0636334884499648e+17,334.88450105,0.004999999888241291,-1.3616334,0.0022799998987466097,19.04156320299641,0.006859281463766301,18.388691278462083,0.0033810947166976607,18.18209591242865,0.0028178911110168896,18.054405778493958,0.005944945963526871,18.00136927564241,0.01167033194478808,5062.5,3.0,-0.1,-37.330533,-37.928126,-38.141589,-38.221198,-38.287037,-38.333873,-38.323459,-37.872599,56.3153216896047,0.003085197460175231,0.07522214687636788,17.122258640563043,0.003085197460175231,16.634039936403425,0.003085197460175231,16.61436529212856,0.003085197460175231,2.677513020695434e+18,334.88450048541876,0.23040909,-1.3616349255228861,0.17094994,0.005912053086778179,0.27187562,3.614304,-0.0549792646820298,0.20873535,-3.613885890336788,0.21831822,1.0421008,436527104.0,52.0,75.0,5.0,262144005.0,524416.0,196608.0,262144069.0,524416.0,196608.0,262144069.0,524416.0,196608.0,262144005.0,524416.0,196608.0,262144069.0,524416.0,196608.0
1.0663335130948597e+17,335.13095178,0.0035600000992417336,-1.13705661,0.0031999999191612005,18.81028372326467,0.005158713166049046,18.285304059971985,0.0031775747959407147,18.146209529025803,0.0026401824719181417,18.049977298895577,0.005386049738661095,18.056937260412877,0.01071936473580912,5500.0,0.25,-0.1,-37.91736,-38.39388,-38.542198,-38.577649,-38.62456,-38.568286,-38.416204,-37.964044,56.68087177431419,0.002739300485343137,0.03371874678681892,17.25339572527253,0.002739300485343137,16.906845021112915,0.002739300485343137,16.88847037683805,0.002739300485343137,2.6776163747884524e+18,335.1309510250405,0.16093148,-1.1370596908688477,0.16864377,0.0021104076114106755,0.18913978,7.581703,0.07682908775597114,0.20073403,-7.581313682477935,0.20698158,0.91464704,436527104.0,52.0,82.0,5.0,262144069.0,524416.0,196608.0,262144069.0,524416.0,196608.0,262144069.0,524416.0,196608.0,262144069.0,524416.0,196608.0,262144069.0,524416.0,196608.0
1.06523348543236e+17,334.85431407,0.004189999774098396,-1.22871813,0.003120000008493662,20.21501945988037,0.01646092845323139,19.177292542580226,0.005816760588854424,18.59711942121759,0.004043675748006758,18.255015894695237,0.006341858605567001,18.07499955620173,0.01168331706976993,3700.0,5.25,-3.9,-35.71008,-36.718308,-37.208436,-37.24002,-37.662846,-37.780598,-38.100624,-37.598092,55.771827374915034,0.0044625878195112415,0.6459090371622191,17.132039325873375,0.0044625878195112415,16.313380621713755,0.0044625878195112415,16.345377977438893,0.0044625878195112415,2.6776206353959516e+18,334.8543153865949,0.3139303,-1.2287224765170335,0.28308424,0.2758075764540345,0.3646307,12.728687,3.6060583218895257,0.383457,-12.207203586792538,0.36164945,1.0685048,436527104.0,52.0,86.0,5.0,262144005.0,524416.0,196608.0,262144069.0,524416.0,196608.0,262144069.0,524416.0,196608.0,262144069.0,524416.0,196608.0,262144069.0,524416.0,196608.0
1.0638335181825018e+17,335.1818799,0.015180000104010105,-1.35020728,0.016279999166727066,21.50249452899427,0.04815502485496923,21.026902876882616,0.02747907315985646,20.73780490807778,0.022568134788553205,20.553592907062285,0.052417091471514646,20.67525380625689,0.12425202419862726,5312.5,4.0,1.0,-37.620975,-38.075921,-38.282519,-38.358225,-38.389738,-38.388192,-38.324175,-37.890379,59.04468540545478,0.02950894344711863,0.1649018048478009,19.79730335641312,0.02950894344711863,19.362687652253506,0.02950894344711863,19.325949007978636,0.02950894344711863,-999,-999,-999,-999,-999,-999,-999,-999,-999,-999,-999,-999,-999,436527104.0,52.0,52.0,5.0,195035141.0,655488.0,196608.0,262144069.0,524416.0,196608.0,262144069.0,524416.0,196608.0,195035141.0,655360.0,196608.0,195035141.0,655360.0,196608.0
1.0679334991360198e+17,334.99134314,0.009449999779462814,-1.00710333,0.004720000084489584,18.911995569124283,0.006343498845422388,18.40705642644032,0.0032213322845675236,18.322836705195936,0.0037941574628026107,18.21776738184739,0.015429365122902853,18.152724958021434,0.013099296043647976,5562.5,0.0,-0.9,-37.998928,-38.475398,-38.601827,-38.626034,-38.68724,-38.606834,-38.425402,-37.968874,56.880361608125874,0.00435738203547495,0.03976749619446767,17.414337559084213,0.00435738203547495,17.0971368549246,0.00435738203547495,17.083130210649735,0.00435738203547495,2.677633692096658e+18,334.99134077151626,0.20777802,-1.0071048311782616,0.18002966,-0.019593050562831324,0.25909632,1.2653891,0.26512651760281647,0.2461189,-1.237302532475723,0.2524544,1.0604403,436527104.0,52.0,55.0,5.0,262144069.0,524416.0,196608.0,262144069.0,524416.0,196608.0,262144069.0,524416.0,196608.0,262144005.0,524416.0,196608.0,262144069.0,524416.0,196608.0
1.067833492031344e+17,334.92032531,0.006920000072568655,-1.01343349,0.00913000013679266,17.960112464210013,0.003170605016271302,17.538414823064727,0.001921026808560258,17.29031518133889,0.001680192685508036,17.22207819268816,0.003238758289693883,17.154338896115885,0.005904667702843559,5375.0,1.75,1.0,-37.727178,-38.156683,-38.347021,-38.415585,-38.445471,-38.437814,-38.366743,-37.919213,55.651439511483545,0.0015737952035625392,0.09989925124823407,16.35443546244188,0.0015737952035625392,15.92687375828227,0.0015737952035625392,15.903869114007408,0.0015737952035625392,2.677633863895346e+18,334.9203306770578,0.09537629,-1.0134342845634055,0.0972164,0.4730140207560268,0.11350056,11.371186,10.410865949160058,0.12715863,-4.57359133874868,0.13074395,0.95438325,503635968.0,60.0,77.0,5.0,262144069.0,524416.0,196608.0,262144069.0,524416.0,196608.0,262144069.0,524416.0,196608.0,262144069.0,524416.0,196608.0,262144069.0,524416.0,196608.0
1.066133496394813e+17,334.96395086,0.012919999659061432,-1.1576416,0.01363999955356121,21.23406393384455,0.041393001159510216,20.63301065378021,0.01911716303707088,20.415356251410593,0.020343179704459605,20.48279992950266,0.04393111300076338,20.319462338448698,0.07826204272773878,5500.0,0.0,-2.5,-37.857973,-38.479442,-38.615114,-38.615684,-38.728758,-38.623397,-38.390106,-37.935636,59.076332821397344,0.02054028378525414,0.04917817772613519,19.593745772355685,0.02054028378525414,19.328404068196065,0.02054028378525414,19.312339423921202,0.02054028378525414,2.677622731340331e+18,334.96394080319794,5.52545,-1.1576539895204854,14.108796,nan,nan,nan,nan,nan,nan,nan,nan,436527104.0,52.0,54.0,5.0,195035141.0,524416.0,196608.0,262144005.0,524416.0,196608.0,262144005.0,524416.0,196608.0,195035141.0,655488.0,196608.0,195035141.0,524416.0,196608.0
1.062133500962017e+17,335.00961137,0.0021699999924749136,-1.49062641,0.002460000105202198,18.206792775287344,0.0034667395414596305,17.496291252378114,0.001994580587121505,17.1956398801384,0.0019923230808966954,17.180028510431566,0.00344564877231539,17.165295379799637,0.0067855795058296385,5250.0,5.0,-2.4,-37.49186,-38.181505,-38.37024,-38.415955,-38.488282,-38.495177,-38.4081,-37.947837,55.63837795960701,0.0017650220476539001,0.09743688766972125,16.284010910565353,0.0017650220476539001,15.87245520640574,0.0017650220476539001,15.862183562130875,0.0017650220476539001,2.6775072826190797e+18,335.00960916573655,0.11629906,-1.4906283213543856,0.11174737,0.7671833591006783,0.14009476,4.7236524,-2.2975814965476107,0.12014633,-4.12722780279524,0.1338827,1.0235848,503635968.0,60.0,74.0,5.0,262144069.0,524416.0,196608.0,262144069.0,524416.0,196608.0,262144069.0,524416.0,196608.0,262144069.0,524416.0,196608.0,262144069.0,524416.0,196608.0
1.0642334866639466e+17,334.86664676,0.007710000034421682,-1.31315018,0.007849999703466892,22.42918832756759,0.08915800035488533,21.20618193227936,0.025811010361255816,19.75712795628592,0.00927206999882271,19.131768707446955,0.01593826739630315,18.817677031233977,0.02313611054043359,3400.0,5.25,-3.8,-33.558321,-34.70938,-35.862082,-36.340758,-36.805771,-37.241216,-37.538762,-37.180821,55.72365119096277,0.01948397961787979,3.118931711019383,17.623245141921107,0.01948397961787979,16.827066437761495,0.01948397961787979,16.714472793486628,0.01948397961787979,-999,-999,-999,-999,-999,-999,-999,-999,-999,-999,-999,-999,-999,436527104.0,52.0,64.0,5.0,195035141.0,655360.0,196608.0,262144069.0,655488.0,196608.0,262144069.0,524416.0,196608.0,262144069.0,524416.0,196608.0,262144005.0,524416.0,196608.0
1.065333510220944e+17,335.10222598,0.00419999985024333,-1.22176308,0.003869999898597598,20.748873579559287,0.02240455778058538,19.55530046062366,0.006736239505453873,18.823813409175642,0.004193434953498235,18.452560551798207,0.008196651395215969,18.220950530039744,0.011795305362650102,3600.0,5.25,-3.9,-35.051259,-36.089317,-36.781863,-36.949897,-37.401318,-37.628562,-37.949038,-37.48536,55.61503050623931,0.005554242887812902,0.7412976312921764,17.127278457197644,0.005554242887812902,16.30816975303803,0.005554242887812902,16.301313108763168,0.005554242887812902,2.6776146568014797e+18,335.1022259442965,0.34344333,-1.2217731483736,0.32823738,1.028268225095715,0.4243598,29.381315,0.9753538051939936,0.38849175,-29.365122391446974,0.41559204,0.9908568,503635968.0,60.0,93.0,5.0,262144069.0,524416.0,196608.0,262144069.0,524416.0,196608.0,262144069.0,524416.0,196608.0,262144069.0,524416.0,196608.0,262144069.0,524416.0,196608.0
1.0660335175122338e+17,335.17515224,0.03200000151991844,-1.16419975,0.004550000187009573,15.449672028170049,0.0007681301858443319,14.41062765002634,0.0003611008633891732,14.015444803725954,0.0002611414495001377,13.7255885105863,0.0004761878955653637,13.577667277020282,0.0006174779428064496,4375.0,0.5,-1.3,-36.076628,-37.076534,-37.410797,-37.590545,-37.791329,-37.962453,-38.0648,-37.661203,51.42496665390579,0.00023635960689831435,0.32691220418931993,12.603323604864134,0.00023635960689831435,12.002343900704517,0.00023635960689831435,11.935406256429653,0.00023635960689831435,2.677615343996285e+18,335.17516213126567,0.022519039,-1.1641912253225997,0.025813103,2.884789161434922,0.025247889,23.623312,17.794114122099394,0.02809502,15.538029881384812,0.028841317,1.0857893,503635968.0,60.0,94.0,5.0,262144069.0,524416.0,196608.0,262144069.0,524416.0,196608.0,263192581.0,524416.0,196608.0,263192581.0,524416.0,196608.0,263192581.0,524416.0,196608.0
1.0673335111010926e+17,335.11100455,0.0018899999558925629,-1.05098717,0.002630000002682209,16.78718249807719,0.0014055908054057481,16.360937585823958,0.0008307825453934182,16.257380882080067,0.0008052789520023617,16.27415910839688,0.0017812201878390878,16.28801457724232,0.003005324714249512,6062.5,5.0,-2.2,-38.447935,-38.863537,-38.948423,-38.925808,-38.937592,-38.833034,-38.621144,-38.139581,55.218193930324084,0.0007878853047532744,0.005762566781668481,15.525969881282425,0.0007878853047532744,15.239227177122807,0.0007878853047532744,15.250255532847946,0.0007878853047532744,2.677630908957831e+18,335.1110038716303,0.053486448,-1.050987576081434,0.057296827,0.31765128698825124,0.06134644,1.9502387,-0.00377313723358977,0.06915266,-1.9502350548629106,0.070541725,1.0022705,503635968.0,60.0,86.0,5.0,262144069.0,524416.0,196608.0,262144069.0,524416.0,196608.0,262144069.0,524416.0,196608.0,262144069.0,524416.0,196608.0,262144069.0,524416.0,196608.0
1.0643335023676016e+17,335.0236641,0.0035200000274926424,-1.30860121,0.003470000112429261,17.425637013326327,0.0022328492738657936,17.07474792305325,0.0017361468117383892,16.941937712961344,0.001422253523419116,16.92205207830922,0.0023434390934589694,16.860905626341605,0.0054517268128351885,5750.0,0.0,0.0,-38.2496,-38.599235,-38.692426,-38.724063,-38.760282,-38.655388,-38.459667,-37.99891,55.65017727079835,0.0013451491923668303,0.02593077046536437,16.13559922175669,0.0013451491923668303,15.832687517597073,0.0013451491923668303,15.822909873322212,0.0013451491923668303,2.6776079910121856e+18,335.023661730945,0.0872726,-1.3086059282635398,0.08732208,0.16836932332403065,0.106626764,12.345953,-2.7388454948518466,0.111891694,-12.038325577904525,0.113918506,0.9756005,503635968.0,60.0,81.0,5.0,262144069.0,524416.0,196608.0,262144069.0,524416.0,196608.0,262144069.0,524416.0,196608.0,262144069.0,524416.0,196608.0,262144069.0,524416.0,196608.0
1.0640335087831669e+17,335.0876839,0.006850000005215406,-1.32818792,0.006659999955445528,21.820405637615764,0.060493004877051844,20.65564428596586,0.01987604226974642,19.620975569002457,0.011128203075189354,19.077100526316777,0.010979427223572662,18.81849698163576,0.021434139170703314,3600.0,5.25,-3.8,-34.710644,-35.721542,-36.595287,-36.865073,-37.264321,-37.534743,-37.866763,-37.442545,56.229898000107326,0.013796039639248976,1.7176168675232815,17.835964951065666,0.013796039639248976,17.00531224690605,0.013796039639248976,16.958995602631184,0.013796039639248976,2.677604829916576e+18,335.0876887701419,0.8063561,-1.328189426040124,0.98399633,-0.8107489809832196,0.8820567,11.148261,10.805508496994996,0.9495604,-2.7431207027017006,1.2271119,1.064538,436527104.0,52.0,73.0,5.0,195035141.0,655360.0,196608.0,262144005.0,524416.0,196608.0,262144069.0,524416.0,196608.0,262144069.0,524416.0,196608.0,262144005.0,524416.0,196608.0
1.06503351147981e+17,335.11480799,0.007430000230669975,-1.24956001,0.01107999961823225,21.998354621947936,0.07096999911459537,20.83369474778089,0.02002400821550724,19.62214601815133,0.008052196222954094,19.029724684249928,0.012821353835787582,18.76802805515545,0.02265812506734377,3600.0,5.25,-3.7,-34.370028,-35.353768,-36.408712,-36.78025,-37.127324,-37.440923,-37.784489,-37.399731,56.05840602545712,0.01572299880951873,2.248629330328599,17.758292976415458,0.01572299880951873,16.91609427225584,0.01572299880951873,16.830317627980975,0.01572299880951873,2.6776143518585324e+18,335.1148022412089,0.92824787,-1.2495651572008253,0.8283446,3.2231455387961323,1.3257412,23.132805,-13.23145299469611,1.6277875,-18.975123336341895,1.3405514,1.0805665,436527232.0,52.0,70.0,5.0,195035141.0,655360.0,196608.0,262144069.0,524416.0,196608.0,262144069.0,524416.0,196608.0,262144069.0,524416.0,196608.0,262144069.0,524416.0,196608.0
1.0663334977001293e+17,334.97698702,0.005270000081509352,-1.13964952,0.00646999990567565,16.908098211973364,0.0019124038690420213,16.545044847702915,0.0010257443018633274,16.375183612056848,0.0009544157014684119,16.232258923200398,0.0019878801705572615,16.239114500749356,0.0030982820284388094,5562.5,0.0,1.0,-38.00284,-38.370973,-38.519174,-38.579553,-38.602924,-38.544895,-38.3994,-37.94779,54.87503281913658,0.0008757024234883238,0.07796403957202928,15.47094777009492,0.0008757024234883238,15.117810065935302,0.0008757024234883238,15.098885421660443,0.0008757024234883238,2.6776286455100283e+18,334.9769832251653,0.057744753,-1.1396554477010328,0.056101426,0.2341737513891906,0.06641093,14.999652,-4.896130807341989,0.07084742,-14.178062839664682,0.070887096,0.99659127,503635968.0,60.0,69.0,5.0,262144069.0,524416.0,196608.0,262144069.0,524416.0,196608.0,262144069.0,524416.0,196608.0,262144069.0,524416.0,196608.0,262144069.0,524416.0,196608.0
1.0655335176427346e+17,335.17645295,0.003019999945536256,-1.20582701,0.0012100000167265534,18.13366862412367,0.004094375851424964,17.605892824032935,0.0018809935556390596,17.374299233834005,0.0017967770104045718,17.25769179365791,0.0035925804025435915,17.166753758531463,0.005980656531281688,5187.5,1.75,1.0,-37.496073,-37.982962,-38.204636,-38.290464,-38.330687,-38.348388,-38.313156,-37.870697,55.568625646836,0.0016994745598344044,0.11311228251998837,16.361047597794336,0.0016994745598344044,15.897646893634722,0.0016994745598344044,15.86957124935986,0.0016994745598344044,2.677614931679398e+18,335.17645430152396,0.10669758,-1.2058286157139957,0.11078845,0.4888358032717879,0.11968923,5.7951746,3.664342577360495,0.13046436,-4.4896148995334135,0.13020493,0.9913557,503635968.0,60.0,81.0,10.0,262144069.0,524416.0,196608.0,262144069.0,524416.0,196608.0,262144069.0,524416.0,196608.0,262144069.0,524416.0,196608.0,262144069.0,524416.0,196608.0
1.067033507456556e+17,335.07457875,0.009200000204145908,-1.07904174,0.02085999958217144,21.61072555052002,0.05461403767515004,20.49384026469602,0.01539509915335698,19.211068062580836,0.006877398680782786,18.58412947627121,0.009432508588444665,18.306131328727947,0.015143203148376432,3600.0,5.25,-3.7,-34.370028,-35.353768,-36.408712,-36.78025,-37.127324,-37.440923,-37.784489,-37.399731,55.64919533655921,0.011975457605624788,2.681940971282265,17.34908228751755,0.011975457605624788,16.506883583357933,0.011975457605624788,16.421106939083067,0.011975457605624788,2.677629298344602e+18,335.07458417400505,0.45586815,-1.0790407749897113,0.4977469,1.4050684581353399,0.53335667,6.930447,5.559465367303069,0.5861961,-4.138048251046863,0.57172006,1.0074743,503635968.0,60.0,65.0,5.0,195035141.0,655360.0,196608.0,262144069.0,524416.0,196608.0,262144069.0,524416.0,196608.0,262144069.0,524416.0,196608.0,262144069.0,524416.0,196608.0
1.0622335021347053e+17,335.02133546,0.0016799999866634607,-1.4832681,0.002959999954327941,16.40155984616686,0.0012143099663004084,15.906932658189369,0.0006900274481472776,15.72262351925445,0.000589534837416562,15.72697949139919,0.001506809482986243,15.551939666043074,0.002232784279251785,5500.0,0.0,-1.7,-37.908373,-38.437006,-38.573593,-38.593559,-38.668307,-38.592923,-38.410126,-37.953681,54.2981746362106,0.0006181921498586698,0.08024691105058383,14.846061587168936,0.0006181921498586698,14.530225883009322,0.0006181921498586698,14.516136238734456,0.0006181921498586698,2.67750732127383e+18,335.0213319454518,0.0497958,-1.4832744898643042,0.049286526,0.8022406559923582,0.059236415,14.346525,-5.469512964996572,0.051473517,-13.263001208775984,0.056332327,0.96235746,503635968.0,60.0,90.0,5.0,262144069.0,524416.0,196608.0,262144069.0,524416.0,196608.0,262144069.0,524416.0,196608.0,262144069.0,524416.0,196608.0,262144069.0,524416.0,196608.0
1.0633335158767035e+17,335.15878531,0.0034600000362843275,-1.39175148,0.003470000112429261,20.020063696004605,0.013018601013951704,18.811069203594947,0.004210673707304918,17.706684457952598,0.00212936923888222,17.181115202377047,0.003415609700412427,16.942417708828327,0.005237716579460644,3600.0,5.25,-3.7,-34.370028,-35.353768,-36.408712,-36.78025,-37.127324,-37.440923,-37.784489,-37.399731,54.140286453751514,0.0030387367334315718,1.7622125461312943,15.840173404709855,0.0030387367334315718,14.997974700550238,0.0030387367334315718,14.912198056275374,0.0030387367334315718,2.6775564857642977e+18,335.15878458074445,0.21565711,-1.391757522490409,0.17675686,1.6045091977855028,0.24833733,21.832361,0.962631435328781,0.2349738,-21.811128865384877,0.22175367,0.9578648,503635968.0,60.0,79.0,5.0,262144069.0,524416.0,196608.0,262144069.0,524416.0,196608.0,262144069.0,524416.0,196608.0,262144069.0,524416.0,196608.0,262144069.0,524416.0,196608.0
1.0676335089994379e+17,335.09000814,0.005049999803304672,-1.03052726,0.0028800000436604023,19.97336916412053,0.025520210723647,19.41071135309616,0.0071560590535278985,19.153558445896515,0.007540755674725421,19.093100152944544,0.013192401074698533,19.036562668950193,0.02539414011818781,5187.5,2.0,0.2,-37.503515,-38.026212,-38.236862,-38.31096,-38.356271,-38.373638,-38.334027,-37.887602,57.42022435700159,0.007945451859172498,0.08156240435887151,18.187396307959926,0.007945451859172498,17.72837460380031,0.007945451859172498,17.704264959525446,0.007945451859172498,2.677631218195484e+18,335.0900114851008,0.32037708,-1.0305280019243832,0.3298252,0.5733607064633428,0.3810939,8.205863,6.724594738943938,0.40636867,-4.702766732841764,0.39205912,0.91387606,436527104.0,52.0,64.0,5.0,262144069.0,524416.0,196608.0,262144069.0,524416.0,196608.0,262144069.0,524416.0,196608.0,262144069.0,524416.0,196608.0,262144069.0,524416.0,196608.0
1.0645335238065598e+17,335.23809581,0.005059999879449606,-1.28707062,0.0024999999441206455,16.834382661227306,0.0020234680460626286,16.539426651744705,0.0012904550314439208,16.360827567991006,0.0010307018617269467,16.268650192262875,0.0016105555022176642,16.187705206720793,0.0030423052366966106,5625.0,0.0,1.0,-38.085737,-38.42078,-38.553701,-38.611675,-38.633947,-38.567318,-38.414542,-37.959294,54.89936645598934,0.0008642118635690684,0.10559002443934838,15.472858406947676,0.0008642118635690684,15.127001702788064,0.0008642118635690684,15.1117150585132,0.0008642118635690684,2.677610503568145e+18,335.23809364911796,0.055927802,-1.2870721283215065,0.05177621,0.4643770456366404,0.064537816,7.914013,-4.6368037768904005,0.06766211,-6.4133961643321244,0.06596637,1.0517755,503635968.0,60.0,70.0,5.0,262144069.0,524416.0,196608.0,262144069.0,524416.0,196608.0,262144069.0,524416.0,196608.0,262144069.0,524416.0,196608.0,262144069.0,524416.0,196608.0
1.0641334970645957e+17,334.97062179,0.009750000201165676,-1.31726583,0.012810000218451023,21.26187577519683,0.037000025125903266,20.48226789486914,0.01848023514850514,20.21147783552017,0.013940306271064578,20.091634294557615,0.029122174724054112,19.984903096268177,0.06137205520904744,4875.0,1.25,-0.6,-37.018438,-37.754445,-37.991373,-38.088149,-38.199463,-38.265916,-38.257974,-37.812843,58.21680537928239,0.016148663487277583,0.10928992580564421,19.091699330240733,0.016148663487277583,18.601008626081118,0.016148663487277583,18.57560498180625,0.016148663487277583,2.6776072694580096e+18,334.97062577655043,1.8543288,-1.317269607063201,1.3920679,nan,nan,nan,nan,nan,nan,nan,nan,436527104.0,52.0,65.0,5.0,262144005.0,524416.0,196608.0,262144069.0,524416.0,196608.0,262144069.0,524416.0,196608.0,262144005.0,655488.0,196608.0,195035141.0,524416.0,196608.0
1.0665334908190152e+17,334.9082021,0.026650000363588333,-1.12416084,0.047919999808073044,19.541300013840225,0.012919002906215782,19.46171609294359,0.007989410239335543,19.174524574914056,0.00782691686767917,19.13453481323569,0.013394410450179896,19.08488673724501,0.032892114033290766,5875.0,0.0,1.0,-38.390004,-38.615511,-38.694878,-38.744747,-38.761012,-38.653115,-38.462915,-37.998003,57.92062284643571,0.007882368518671693,0.24578254494009247,18.40831779739405,0.007882368518671693,18.099885093234434,0.007882368518671693,18.094262448959576,0.007882368518671693,2.677625926795726e+18,334.90820499019907,0.29825315,-1.1241597947327837,0.27060726,-0.4941848000381561,0.35576078,3.5848696,-0.26005604507614793,0.35117355,-3.575424717438492,0.3454908,0.9532178,436527104.0,52.0,62.0,5.0,262144005.0,524416.0,196608.0,262144069.0,524416.0,196608.0,262144069.0,524416.0,196608.0,262144069.0,524416.0,196608.0,262144069.0,524416.0,196608.0
1.0627335018538035e+17,335.01853629,0.005609999876469374,-1.44173567,0.0057299998588860035,21.543924275928255,0.04361808313151195,20.403333150034452,0.013894232436819887,19.400022880894582,0.007307507443788615,18.94669087918227,0.011283441058567302,18.753988646930644,0.0238041363074632,3600.0,5.25,-3.8,-34.710644,-35.721542,-36.595287,-36.865073,-37.264321,-37.534743,-37.866763,-37.442545,56.04096536659404,0.010663844491708123,1.3707819085583235,17.647032317552377,0.010663844491708123,16.816379613392762,0.010663844491708123,16.770062969117895,0.010663844491708123,2.67760146266215e+18,335.0185486829614,0.71975803,-1.441746811571567,0.61667717,0.2279084815359579,0.9009153,13.667855,8.470438742498583,0.6864571,-10.726693082943251,0.7634166,0.97909683,436527104.0,52.0,85.0,5.0,195035141.0,524416.0,196608.0,262144069.0,524416.0,196608.0,262144005.0,524416.0,196608.0,262144069.0,524416.0,196608.0,262144069.0,524416.0,196608.0
1.0637334991909131e+17,334.99188506,0.0033599999733269215,-1.35762181,0.0031900000758469105,18.725061948624212,0.004870935947687955,18.564059156802756,0.003774886792125404,18.437150360137505,0.00317066534090481,18.440023457342633,0.00802370585985336,18.497373752058778,0.021409182060552718,6500.0,3.5,1.0,-38.772954,-38.971789,-39.027811,-39.013566,-38.99769,-38.868759,-38.642625,-38.163536,57.489495734993184,0.004778124478207716,0.02508061383047863,17.761546685951526,0.004778124478207716,17.489047981791906,0.004778124478207716,17.497602337517044,0.004778124478207716,2.6776061355862646e+18,334.991884848248,0.23073232,-1.357622348771794,0.2275985,0.31721941705226975,0.29814437,3.5472763,-2.1849377713607243,0.23209178,-2.794497422181072,0.2565057,1.0835885,436527104.0,52.0,81.0,5.0,262144069.0,524416.0,196608.0,262144069.0,524416.0,196608.0,262144069.0,524416.0,196608.0,262144069.0,524416.0,196608.0,262144005.0,524416.0,196608.0
1.0656335133654488e+17,335.13367131,0.0037499999161809683,-1.19629139,0.0025400000158697367,17.838821830618212,0.0029415321792776407,16.839704803654495,0.001352334696721245,16.416632642408416,0.0011336705424111332,16.27968776042664,0.0018600603992110297,16.164865398672298,0.0036180887169143623,4500.0,0.0,0.0,-36.33749,-37.26351,-37.591509,-37.742091,-37.895735,-38.036492,-38.128106,-37.702884,54.07400948715602,0.0010642747811460888,0.2333625097563059,15.178327438114355,0.0010642747811460888,14.58808073395474,0.0010642747811460888,14.542768089679884,0.0010642747811460888,2.6776151764925747e+18,335.13367225333167,0.06973426,-1.1962935234533856,0.074436806,1.1055758289236162,0.08193104,8.127639,0.922727368337418,0.08698427,-8.0750904298994,0.09267167,1.0107449,503635968.0,60.0,85.0,10.0,262144069.0,524416.0,0.0,262144069.0,524416.0,0.0,262144069.0,524416.0,0.0,262144069.0,524416.0,0.0,262144069.0,524416.0,0.0
1.0672334966832602e+17,334.96683435,0.011300000362098217,-1.06207698,0.005570000037550926,21.014834171934687,0.03136740158635449,19.82389227088547,0.008706665084846764,18.28688077199924,0.0034454306974612847,17.593475333456,0.005369964347939866,17.287586663999683,0.006659517422884257,3500.0,4.5,-3.3,-33.610955,-34.502806,-35.908219,-36.476903,-36.762442,-37.180038,-37.508405,-37.211572,54.25359884245502,0.006766909431266763,3.6086736395898695,16.214370793413355,0.006766909431266763,15.38737108925374,0.006766909431266763,15.213669444978885,0.006766909431266763,2.677632317707097e+18,334.9668318327311,0.25969207,-1.0620818044222202,0.26728028,2.1435692563909736,0.31202972,13.205917,-2.6599489478593488,0.36548293,-12.935259203720108,0.3704146,1.0270123,503635968.0,60.0,73.0,5.0,262144005.0,524416.0,196608.0,262144069.0,524416.0,196608.0,262144069.0,524416.0,196608.0,262144069.0,524416.0,196608.0,262144069.0,524416.0,196608.0
1.0663334779069504e+17,334.77905441,0.005330000072717667,-1.13792353,0.004739999771118164,19.01823680149356,0.006052410173049204,17.877423334832347,0.0022650503930739647,16.47620366781887,0.0010278979667358828,15.853249323375358,0.0014698256413342783,15.544656120010979,0.0019619724903892034,3600.0,5.25,-3.6,-34.029413,-34.985993,-36.222136,-36.695426,-36.990327,-37.347104,-37.702214,-37.356916,52.73861284950623,0.001397546705981328,3.0284731235505853,14.53231880046457,0.001397546705981328,13.678576096304958,0.001397546705981328,13.553339452030096,0.001397546705981328,2.6776251708814735e+18,334.77904205202475,0.082854114,-1.1379562935912406,0.07820602,5.948640628774314,0.09828831,80.6822,-23.542155945339484,0.10614817,-77.17113147404068,0.09702688,0.9744921,503635968.0,60.0,79.0,5.0,262144069.0,524416.0,196608.0,262144069.0,524416.0,196608.0,262144069.0,524416.0,196608.0,262144069.0,524416.0,196608.0,262144069.0,524416.0,196608.0
1.0629334930541227e+17,334.9305274,0.004889999981969595,-1.42349808,0.00419999985024333,21.636683775448628,0.04264217576396104,20.390376537941155,0.013893243048401697,18.966526312253173,0.004513838845619005,18.24556848072378,0.0064417746054569675,17.897577449337856,0.009402347699084879,3300.0,5.25,-4.0,-33.270908,-34.470102,-35.584091,-36.085661,-36.673823,-37.22328,-37.517753,-37.143257,54.64426351114091,0.009298715394575155,3.2686268807911496,16.56179346209925,0.009298715394575155,15.768687757939638,0.009298715394575155,15.672649113664777,0.009298715394575155,2.6775116119462006e+18,334.9305295754393,0.49862143,-1.4234997915304222,0.4712208,0.7866223850967998,0.58355534,6.9538913,1.4718454168233004,0.4980782,-6.7963429708243694,0.5790839,1.0931448,503635968.0,60.0,85.0,5.0,195035141.0,524416.0,196608.0,262144069.0,524416.0,196608.0,262144069.0,524416.0,196608.0,262144069.0,524416.0,196608.0,262144069.0,524416.0,196608.0
1.0627335087164075e+17,335.08723572,0.013389999978244305,-1.44141277,0.01432000007480383,22.583876238067177,0.12343720756850782,21.671845212489504,0.048145106221735595,20.48458067231363,0.017621999668825983,19.902784888343174,0.02641514140017261,19.689581350428465,0.05343903841175856,3600.0,5.25,-3.7,-34.370028,-35.353768,-36.408712,-36.78025,-37.127324,-37.440923,-37.784489,-37.399731,56.87455007232839,0.029270272195048488,2.518553094467897,18.57443702328673,0.029270272195048488,17.732238319127113,0.029270272195048488,17.646461674852247,0.029270272195048488,-999,-999,-999,-999,-999,-999,-999,-999,-999,-999,-999,-999,-999,436527104.0,52.0,50.0,5.0,195035141.0,655360.0,196608.0,195035141.0,655488.0,196608.0,262144069.0,524416.0,196608.0,262144069.0,524416.0,196608.0,195035141.0,655360.0,196608.0
1.0626335143420997e+17,335.1434189,0.004149999935179949,-1.44203869,0.004139999859035015,20.399831499457928,0.015599090311205273,19.097422082498948,0.005282974815455505,18.51437498744331,0.003967726572126651,18.135053754373796,0.0069027901464021844,18.043545122688343,0.012015308864830383,3800.0,5.25,-3.7,-35.397698,-36.404124,-37.058686,-37.228045,-37.514694,-37.683869,-38.007623,-37.567673,55.55869488929247,0.004377215802363754,0.5838500074388909,17.015635840250805,0.004377215802363754,16.19324913609119,0.004377215802363754,16.16266449181633,0.004377215802363754,2.67755459597865e+18,335.14341969744817,0.32977715,-1.4420409603151099,0.31974688,1.1224593225826622,0.3656033,8.032191,2.998069662661471,0.33624765,-7.45168915070797,0.3858015,1.0282414,436527104.0,52.0,82.0,5.0,262144005.0,524416.0,196608.0,262144069.0,524416.0,196608.0,262144069.0,524416.0,196608.0,262144069.0,524416.0,196608.0,262144069.0,524416.0,196608.0
1.0648335043667019e+17,335.04361899,0.005400000140070915,-1.26689287,0.004600000102072954,21.10702236392919,0.03123026122477865,19.971855152173767,0.012801462380039812,19.053337029604062,0.00548790854771784,18.594579359835127,0.008151636586669226,18.438673334429165,0.015885216547039276,3700.0,5.25,-3.7,-34.932512,-35.916079,-36.765533,-37.017915,-37.335581,-37.564293,-37.896877,-37.481317,55.826617447994266,0.00771521374752782,1.2093047198612725,17.403134398952606,0.00771521374752782,16.571917694792987,0.00771521374752782,16.51694305051813,0.00771521374752782,2.6776085751280865e+18,335.04361568338436,0.4550563,-1.2668937396490805,0.42816988,1.0775285753203385,0.5648205,13.474691,-13.167534083538301,0.52043664,-2.8606548058225245,0.5083852,1.0083244,436527232.0,52.0,78.0,5.0,262144005.0,524416.0,196608.0,262144069.0,524416.0,196608.0,262144069.0,524416.0,196608.0,262144069.0,524416.0,196608.0,262144069.0,524416.0,196608.0
1.064633516235763e+17,335.16236772,0.007029999978840351,-1.27845292,0.004999999888241291,18.628555683233348,0.004488823315389283,17.69814237995361,0.0017494238208074593,17.338806448495436,0.0014598076683815986,17.203868672020985,0.002952918088411625,17.016844112661996,0.00545171773270788,4687.5,0.5,-2.1,-36.625217,-37.540984,-37.805543,-37.931087,-38.122888,-38.204914,-38.166618,-37.745613,55.18238725927307,0.001597272780263244,0.1960067420586941,16.118283210231407,0.001597272780263244,15.657946506071795,0.001597272780263244,15.608416861796934,0.001597272780263244,2.677611083388655e+18,335.16236714398354,0.12402221,-1.2784549586486187,0.1038484,0.8086376649240365,0.14524578,12.978772,-8.148720826944615,0.12902091,-10.10182506505459,0.12672792,0.99677575,503635968.0,60.0,100.0,5.0,262144069.0,524416.0,196608.0,262144069.0,524416.0,196608.0,262144069.0,524416.0,196608.0,262144069.0,524416.0,196608.0,262144069.0,524416.0,196608.0
1.0623334892735155e+17,334.89275282,0.01131999958306551,-1.47411585,0.003800000064074993,21.08484103797567,0.028255469478951023,19.86927094640327,0.010435629786540671,18.467974491993566,0.004192257248898752,17.780459522115223,0.004524156263210998,17.421868012369263,0.007013498346568744,3300.0,5.25,-4.0,-33.270908,-34.470102,-35.584091,-36.085661,-36.673823,-37.22328,-37.517753,-37.143257,54.14179980217141,0.0063071581375763386,3.1725836670397447,16.05932975312975,0.0063071581375763386,15.266224048970138,0.0063071581375763386,15.170185404695276,0.0063071581375763386,2.677508111547432e+18,334.89275369903584,0.36296606,-1.4741218717380866,0.3146959,1.7419971617386711,0.47749949,15.934916,6.965535145334804,0.4210043,-14.331882720578308,0.429558,0.9328208,503635968.0,60.0,69.0,5.0,262144005.0,655488.0,196608.0,262144069.0,524416.0,196608.0,262144069.0,524416.0,196608.0,262144069.0,524416.0,196608.0,262144069.0,524416.0,196608.0
1.0671335057489392e+17,335.05742498,0.027969999238848686,-1.07215718,0.004579999949783087,20.17513251540447,0.020394366352380386,19.7375938718523,0.007937131283216858,19.617007981345285,0.008349750861014856,19.716761541679958,0.02643620252421104,19.61971875033953,0.04649407783384608,6000.0,2.0,-2.5,-38.433484,-38.870991,-38.943389,-38.914351,-38.960085,-38.827229,-38.566125,-38.097106,58.597702932124314,0.011677702940020324,0.01670047324932808,18.91128388308265,0.011677702940020324,18.673755178923038,0.011677702940020324,18.672239534648178,0.011677702940020324,2.677629362769592e+18,335.0574271006878,0.453883,-1.0721572138737168,0.45244274,0.13841217816403584,0.5436235,4.1224356,-0.4313588145135745,0.610921,-4.099805434245295,0.56651884,1.0877292,436527104.0,52.0,77.0,5.0,262144005.0,524416.0,196608.0,262144069.0,524416.0,196608.0,262144069.0,524416.0,196608.0,262144005.0,655488.0,196608.0,195035205.0,524416.0,196608.0
1.0624335081183117e+17,335.08115224,0.00795000046491623,-1.46606284,0.008009999990463257,22.474895249326565,0.1041650213960585,21.200785485373025,0.028061058947077507,19.800230805380036,0.009889019794151556,19.113569163877425,0.014563276208771965,18.812777495261006,0.022271106332852314,3400.0,5.25,-3.8,-33.558321,-34.70938,-35.862082,-36.340758,-36.805771,-37.241216,-37.538762,-37.180821,55.73571403984362,0.022310229595756296,3.0261132353407505,17.63530799080196,0.022310229595756296,16.839129286642347,0.022310229595756296,16.72653564236748,0.022310229595756296,2.677554321101095e+18,335.0811470952229,1.8757762,-1.4660630958552447,1.7822311,nan,nan,nan,nan,nan,nan,nan,nan,436527104.0,52.0,63.0,5.0,195035141.0,655360.0,196608.0,262144069.0,524416.0,196608.0,262144069.0,524416.0,196608.0,262144069.0,524416.0,196608.0,262144069.0,524416.0,196608.0
1.064833496300205e+17,334.96298014,0.07699000090360641,-1.26667572,0.06812000274658203,20.488984837509935,0.020170287338818295,20.223354751577567,0.011969707330869234,20.05179285068542,0.012788473795386269,19.952244413341166,0.02805219089098105,19.997498236877366,0.06978104961097145,5750.0,0.0,1.0,-38.25153,-38.520392,-38.622753,-38.675919,-38.695994,-38.612165,-38.444827,-37.982301,58.696092617998296,0.01596243057372572,0.05922981049563666,19.224737568956638,0.01596243057372572,18.893442864797024,0.01596243057372572,18.885434220522157,0.01596243057372572,2.6776091248835743e+18,334.9629476985268,0.7090157,-1.266693870760023,0.6321839,-0.6302742672921366,0.84351873,5.8935084,2.516928778894091,0.8962474,-5.3290253369399565,0.8332132,0.99511856,436527104.0,52.0,70.0,5.0,262144069.0,524416.0,196608.0,262144069.0,524416.0,196608.0,262144069.0,524416.0,196608.0,262144005.0,524416.0,196608.0,195035141.0,524416.0,196608.0
1.063633503160186e+17,335.03158808,0.007679999805986881,-1.35988372,0.007840000092983246,21.938370902695688,0.06554800292111762,20.787784955875118,0.01964802471186658,19.870051005469815,0.009685200122305726,19.354980342121056,0.01629128366306154,19.2738751763159,0.03887307330813462,3700.0,5.25,-3.7,-34.932512,-35.916079,-36.765533,-37.017915,-37.335581,-37.564293,-37.896877,-37.481317,56.63853647649552,0.01619000977793901,1.274251985155644,18.215053427453856,0.01619000977793901,17.383836723294237,0.01619000977793901,17.32886207901938,0.01619000977793901,2.6776032150116997e+18,335.03158883729265,1.7461231,-1.3598889721609295,1.455966,-2.059799797983668,2.3250253,4.0254893,-0.6792473738658364,1.7537934,-3.9677685454335987,2.3045886,0.9106038,436527104.0,52.0,74.0,5.0,195035141.0,655360.0,196608.0,262144069.0,524416.0,196608.0,262144069.0,524416.0,196608.0,262144069.0,524416.0,196608.0,195035141.0,524416.0,196608.0
1.0669334845079032e+17,334.84508253,0.003220000071451068,-1.09182019,0.008390000090003014,15.12206133838931,0.000708722231029007,14.757382961540225,0.0005472049501759655,14.670805752875765,0.0005006126032285356,14.583746688289363,0.0006607536756981836,14.534800730732146,0.0011275485307576964,5687.5,0.0,0.2,-38.176313,-38.509111,-38.618504,-38.664328,-38.693207,-38.6107,-38.444098,-37.981394,53.266052094365364,0.00033228268362498614,0.02946387840113399,13.796162045323701,0.00033228268362498614,13.46413134116409,0.00033228268362498614,13.456300696889224,0.00033228268362498614,2.677627202401024e+18,334.8450825560366,0.024438888,-1.091822164033766,0.022296995,0.7869932230554787,0.028454356,5.2039967,2.3528050205485767,0.030271646,-4.641754858723736,0.027540658,1.052753,503635968.0,60.0,77.0,5.0,262144069.0,524416.0,196608.0,262144069.0,524416.0,196608.0,262144069.0,524416.0,196608.0,262144069.0,524416.0,196608.0,262144069.0,524416.0,196608.0
1.0624334932537643e+17,334.93254091,0.0035099999513477087,-1.46171623,0.0043299999088048935,19.072519816270887,0.006195616619314515,18.616664300033808,0.004283271106209828,18.47864298148858,0.00372520326884422,18.4530681273428,0.008187687427733934,18.417025150635947,0.015792245024645685,5687.5,0.5,-1.4,-38.139272,-38.580276,-38.688986,-38.701837,-38.753532,-38.66239,-38.467833,-38.008731,57.1803646751544,0.003934678865624206,0.018995771267743867,17.658784626112737,0.003934678865624206,17.354708921953126,0.003934678865624206,17.343276277678264,0.003934678865624206,2.677508455145151e+18,334.9325388204916,0.23955727,-1.4617172233132065,0.21282321,0.016654615804166974,0.28119636,7.3314605,-6.6174776234141035,0.24790102,-3.1558358550373167,0.29865265,1.0025582,436527104.0,52.0,74.0,5.0,262144069.0,524416.0,196608.0,262144069.0,524416.0,196608.0,262144005.0,524416.0,196608.0,262144069.0,524416.0,196608.0,262144069.0,524416.0,196608.0
1.0632335169512547e+17,335.16955018,0.003100000089034438,-1.39580665,0.003640000009909272,20.34396179845072,0.01831285633272332,19.115862374212544,0.006320516855736419,18.337191476506238,0.0033659365052983448,17.963470963479665,0.006118884052567973,17.754564261078247,0.01241029547211908,3600.0,5.25,-3.9,-35.051259,-36.089317,-36.781863,-36.949897,-37.401318,-37.628562,-37.949038,-37.48536,55.15774097474548,0.00480872267737861,0.8167665120585641,16.669988925703816,0.00480872267737861,15.850880221544202,0.00480872267737861,15.844023577269342,0.00480872267737861,2.6775565244192164e+18,335.1695509064788,0.31696805,-1.3958074189503473,0.26587498,0.785211865382194,0.36397305,11.588006,9.552820580143,0.33781758,-6.559382808486569,0.32627624,0.99127185,503635968.0,60.0,64.0,5.0,262144069.0,524416.0,196608.0,262144069.0,524416.0,196608.0,262144069.0,524416.0,196608.0,262144069.0,524416.0,196608.0,262144069.0,524416.0,196608.0
1.0655334861369651e+17,334.86138779,0.009399999864399433,-1.20333631,0.028449999168515205,17.06726802418195,0.0016412335382666706,15.865408392685133,0.0007016351713572842,15.087466097808583,0.0004309236791127186,14.704867780323442,0.0008170113406640172,14.442560359667404,0.000994981781177515,3600.0,5.25,-3.9,-35.051259,-36.089317,-36.781863,-36.949897,-37.401318,-37.628562,-37.949038,-37.48536,51.88824493093331,0.00044851447841449824,0.8418680579013427,13.400492881891648,0.00044851447841449824,12.581384177732033,0.00044851447841449824,12.574527533457173,0.00044851447841449824,2.677620845849447e+18,334.8613970158095,0.039737616,-1.203353495917066,0.040961944,4.920836281249167,0.04452229,46.755615,13.765121804290091,0.05227832,-44.683432659054304,0.05420502,0.9760824,503635968.0,60.0,87.0,10.0,262144069.0,524416.0,196608.0,262144069.0,524416.0,196608.0,262144069.0,524416.0,196608.0,262144069.0,524416.0,196608.0,262144069.0,524416.0,196608.0
1.0641335059693062e+17,335.05968118,0.002309999894350767,-1.32485563,0.001610000035725534,17.99838475608155,0.00324827115721864,17.519177144476114,0.001808491106013236,17.449198546952776,0.002118105243658956,17.31906089471493,0.003211772165818395,17.27391683517143,0.007507525033238761,5562.5,0.0,0.1,-38.016047,-38.431108,-38.563242,-38.619469,-38.650826,-38.580705,-38.426941,-37.968806,55.96808603547936,0.0018437644967228923,0.04558971520787377,16.528190986437696,0.0018437644967228923,16.183322282278084,0.0018437644967228923,16.17092263800322,0.0018437644967228923,2.6776077161342566e+18,335.0596789706227,0.12346035,-1.3248583207082518,0.12535086,0.44912788066601816,0.15046006,7.290717,-2.9152954179943418,0.14673068,-6.682485379536336,0.15304665,1.0495201,503635968.0,60.0,79.0,5.0,262144069.0,524416.0,196608.0,262144069.0,524416.0,196608.0,262144069.0,524416.0,196608.0,262144069.0,524416.0,196608.0,262144069.0,524416.0,196608.0
1.0629334997843467e+17,334.99779607,0.009320000186562538,-1.42146613,0.009759999811649323,21.08490338129071,0.03092406455848027,20.484264669899183,0.014590388030225334,20.237984504994067,0.014045346899622932,20.134804432473455,0.02975717419170434,19.95486789508981,0.0713630502086187,4900.0,5.0,-2.0,-37.133188,-37.691784,-37.934121,-38.034155,-38.104453,-38.186576,-38.247609,-37.807096,58.15890517674944,0.017140155556089467,0.15772949275876616,19.11313912770778,0.017140155556089467,18.55347342354817,0.017140155556089467,18.5234517792733,0.017140155556089467,2.677602287295518e+18,334.9977946812342,1.7648715,-1.421473581461526,1.0733482,nan,nan,nan,nan,nan,nan,nan,nan,436527104.0,52.0,66.0,5.0,262144005.0,524416.0,196608.0,262144069.0,524416.0,196608.0,262144069.0,524416.0,196608.0,262144069.0,524416.0,196608.0,195035141.0,524416.0,196608.0
1.0665334837984779e+17,334.83795263,0.028540000319480896,-1.11889197,0.03564999997615814,20.04543488115107,0.015098738684619042,19.72178363774321,0.010869962996867837,19.543353723978868,0.008581800127759186,19.4855541835257,0.014931365259915286,19.415510411843908,0.0380520976824851,5625.0,0.0,1.0,-38.085737,-38.42078,-38.553701,-38.611675,-38.633947,-38.567318,-38.414542,-37.959294,58.10349536764855,0.009144797658592317,0.06623365891913238,18.676987318606887,0.009144797658592317,18.331130614447275,0.009144797658592317,18.31584397017241,0.009144797658592317,2.6776265796307584e+18,334.83795471346775,0.43987036,-1.1188934282492666,0.3981107,0.5720913987835943,0.52363694,10.77259,-2.9836817823743096,0.49624527,-10.351151138574421,0.48059666,1.0049,436527104.0,52.0,78.0,5.0,262144005.0,524416.0,196608.0,262144005.0,524416.0,196608.0,262144005.0,524416.0,196608.0,262144005.0,524416.0,196608.0,262144005.0,524416.0,196608.0
1.0659334930215235e+17,334.93020897,0.004650000017136335,-1.17344144,0.00431999983265996,18.75046722643865,0.00513489742765857,17.818768573602412,0.0022055521233879474,17.548523291413186,0.0020031785850138572,17.28945587935355,0.00389745005527842,17.153227528834964,0.005557702211066227,4625.0,1.0,-1.7,-36.559926,-37.443624,-37.720531,-37.856763,-38.02381,-38.137155,-38.16877,-37.743166,55.23301929992855,0.0018035800731355846,0.20045432646856373,16.23667425088689,0.0018035800731355846,15.706426546727272,0.0018035800731355846,15.66149590245241,0.0018035800731355846,2.677622800059504e+18,334.9302109052948,0.1279258,-1.1734451770237053,0.12102902,0.6136573277282968,0.15165563,13.397278,7.628468008028207,0.14846219,-11.013334117427352,0.15665871,1.0373737,503635968.0,60.0,76.0,5.0,262144069.0,524416.0,196608.0,262144069.0,524416.0,196608.0,262144069.0,524416.0,196608.0,262144069.0,524416.0,196608.0,262144069.0,524416.0,196608.0
1.0641335147547358e+17,335.14753083,0.006459999829530716,-1.32232805,0.0067900000140070915,20.84441583813821,0.02637523473042633,20.05378853674522,0.009501754221148174,19.631732097637613,0.008510649232672647,19.57095729435212,0.019624268834005414,19.440729732602396,0.035538098480351374,4687.5,0.75,0.2,-36.736922,-37.488186,-37.79548,-37.923868,-38.014555,-38.117245,-38.187919,-37.751079,57.500126899895115,0.010012863449771509,0.2280937735199849,18.523691850853456,0.010012863449771509,17.954385146693838,0.010012863449771509,17.920690502418978,0.010012863449771509,2.677605070434405e+18,335.1475296400346,0.7287859,-1.3223422047589708,0.6626401,-0.3250169956376305,0.7834669,12.256892,0.9665189460732446,1.0254153,-12.218725749979704,0.80499744,1.0350152,436527104.0,52.0,80.0,5.0,262144005.0,524416.0,196608.0,262144069.0,524416.0,196608.0,262144069.0,524416.0,196608.0,262144069.0,524416.0,196608.0,262144069.0,524416.0,196608.0
1.0671334910357842e+17,334.91035753,0.015549999661743641,-1.0683985,0.021689999848604202,18.466161289311984,0.004093613060137803,17.285666830752277,0.0014929031623305824,16.760304683123604,0.0010193470199014484,16.56152809635161,0.002734072500314687,16.287613289569183,0.003308183691346225,3700.0,5.25,-3.9,-35.71008,-36.718308,-37.208436,-37.24002,-37.662846,-37.780598,-38.100624,-37.598092,53.98019283782173,0.0012400762534275954,0.3413659871482459,15.340404788780074,0.0012400762534275954,14.521746084620453,0.0012400762534275954,14.553743440345594,0.0012400762534275954,2.6776329705421225e+18,334.9103621700617,0.19801252,-1.0683975864282411,0.20298307,1.5264620095972397,0.21777196,13.318243,-8.715467129406148,0.27961057,-10.070562978276799,0.26391873,2.4886243,503636096.0,60.0,83.0,5.0,262144069.0,524416.0,196608.0,262144069.0,524416.0,196608.0,262144069.0,524416.0,196608.0,262144005.0,524416.0,196608.0,262144069.0,524416.0,196608.0
1.0659334988768394e+17,334.98874056,0.0037400000728666782,-1.17210539,0.003800000064074993,18.36963649713778,0.0038507514067984113,18.08027479346385,0.002248735850135935,17.922901429733166,0.0022807807276587723,17.842445452629224,0.005915960549500515,17.897800834182743,0.009652407303039581,5812.5,0.75,0.9,-38.267971,-38.555205,-38.665348,-38.703655,-38.717773,-38.63784,-38.471148,-38.011152,56.60460220142935,0.0024759209681678006,0.04230177378117246,17.107572152387693,0.0024759209681678006,16.775631448228076,0.0024759209681678006,16.76509280395321,0.0024759209681678006,2.677621906706307e+18,334.9887386987079,0.14009948,-1.172107261767063,0.13275956,0.0476213581176732,0.16352724,5.044007,-1.1056959927945158,0.16267216,-4.921324994814965,0.16803832,1.031543,436527232.0,52.0,80.0,5.0,262144069.0,524416.0,196608.0,262144069.0,524416.0,196608.0,262144069.0,524416.0,196608.0,262144069.0,524416.0,196608.0,262144069.0,524416.0,196608.0
1.0677335052543123e+17,335.05254806,0.011420000344514847,-1.02437941,0.009610000066459179,17.52179816802545,0.002246816307421643,17.102519290229658,0.001314110470010116,16.95112068577694,0.001215325143680474,17.0518635285696,0.004184365557407363,16.911720695467327,0.0050927783759023345,5875.0,0.0,-2.5,-38.355804,-38.801524,-38.87501,-38.856237,-38.931269,-38.759128,-38.48022,-38.024079,55.8717732736138,0.0014380179658908781,0.03218953970702028,16.25345522457214,0.0014380179658908781,16.03373052041252,0.0014380179658908781,16.019336876137658,0.0014380179658908781,2.67763410441351e+18,335.0525520606208,0.07605066,-1.0243820937967074,0.079192,0.24755471986850586,0.08792458,11.20468,4.05390573016847,0.099259056,-10.445607455006881,0.09872957,1.0134162,503635968.0,60.0,81.0,5.0,262144069.0,524416.0,196608.0,262144069.0,524416.0,196608.0,262144069.0,524416.0,196608.0,262144069.0,524416.0,196608.0,262144069.0,524416.0,196608.0
1.0626334907317814e+17,334.90732804,0.005900000222027302,-1.44361948,0.0030799999367445707,18.833103134315735,0.005288436076204353,18.51921562349207,0.0036449686686922727,18.466024955345787,0.003366487749026746,18.394735357435923,0.0072937747487148,18.323887108993613,0.01835621175419949,5812.5,0.0,0.2,-38.325122,-38.607522,-38.692768,-38.735175,-38.759359,-38.652819,-38.463208,-37.997749,57.131382435916635,0.00420825974741197,0.027509646218137136,17.619373386874972,0.00420825974741197,17.310351682715357,0.00420825974741197,17.305276038440496,0.00420825974741197,2.67751147880213e+18,334.907326307005,0.20626777,-1.443621990147593,0.18358229,0.21467297288774018,0.24995023,5.78285,-0.31289231858781963,0.20306464,-5.774378572452996,0.22194456,0.91839445,436527104.0,52.0,77.0,5.0,262144069.0,524416.0,196608.0,262144069.0,524416.0,196608.0,262144069.0,524416.0,196608.0,262144069.0,524416.0,196608.0,262144005.0,524416.0,196608.0
1.065333512330563e+17,335.12329243,0.001610000035725534,-1.22012322,0.00139999995008111,18.702231718709335,0.00430234989203049,17.481818060630665,0.0015315065956018274,16.616367526044257,0.000977622750589524,16.236582307003797,0.0015157347632165589,16.001379071954407,0.002302696630236339,3700.0,5.25,-3.7,-34.932512,-35.916079,-36.765533,-37.017915,-37.335581,-37.564293,-37.896877,-37.481317,53.401199736868506,0.0010846444012969753,1.0064917087191916,14.977716687826845,0.0010846444012969753,14.146499983667226,0.0010846444012969753,14.091525339392371,0.0010846444012969753,2.677614695456237e+18,335.1232831747629,0.08941375,-1.2201280222604753,0.09229191,1.2930223795650875,0.10903416,24.187653,-20.49761762850981,0.111981034,-12.840958319530998,0.12070282,1.00929,503635968.0,60.0,101.0,5.0,262144069.0,524416.0,196608.0,262144069.0,524416.0,196608.0,262144069.0,524416.0,196608.0,262144069.0,524416.0,196608.0,262144069.0,524416.0,196608.0
1.0650335139266109e+17,335.13928271,0.010239999741315842,-1.24947696,0.010339999571442604,20.763389050919283,0.022172169064346447,20.450511773042205,0.014453527188174919,20.39882285135019,0.015283373516576696,20.33233417686628,0.039494134448404376,20.458886912098887,0.1038880318112869,6312.5,5.0,0.1,-38.640855,-38.915823,-38.990208,-38.982205,-38.964663,-38.846589,-38.641884,-38.162705,59.37953975285538,0.023053503720429202,0.02794735038066612,19.673760703813716,0.023053503720429202,19.379832999654106,0.023053503720429202,19.388477355379237,0.023053503720429202,2.677614317498842e+18,335.13927974024284,1.4634758,-1.2494786960255664,2.5463493,nan,nan,nan,nan,nan,nan,nan,nan,436527104.0,52.0,68.0,5.0,262144069.0,524416.0,196608.0,262144069.0,524416.0,196608.0,262144069.0,524416.0,196608.0,195035205.0,524416.0,196608.0,195035141.0,524416.0,196608.0
1.0640334895201854e+17,334.89521133,0.00930000003427267,-1.32661084,0.006610000040382147,19.976497582009568,0.010446824144139994,19.064360746424853,0.005821097363668908,18.67721544258225,0.004679610234768718,18.67167019043502,0.014699377153698267,18.433744457770107,0.01648323002628363,3800.0,5.25,-3.9,-36.336468,-37.322543,-37.613786,-37.520966,-37.91466,-37.931368,-38.251663,-37.712414,56.30638228384436,0.005109554273990233,0.1670397058854292,17.515824234802697,0.005109554273990233,16.69689653064308,0.005109554273990233,16.765610886368215,0.005109554273990233,2.6776070632992256e+18,334.8952119615951,0.33068812,-1.326613585429643,0.30478096,0.5267740612060076,0.4200853,9.585468,-1.976992418658003,0.35248703,-9.379376759030729,0.3630632,0.9178508,436527104.0,52.0,74.0,5.0,262144069.0,524416.0,196608.0,262144069.0,524416.0,196608.0,262144069.0,524416.0,196608.0,262144069.0,524416.0,196608.0,262144069.0,524416.0,196608.0
1.067933500970063e+17,335.00968711,0.012749999761581421,-1.00350418,0.01205000001937151,22.336913917482214,0.1012920005706424,20.805281615281157,0.01796207135879406,19.412170221553975,0.0074230349912415595,18.680805089582243,0.008882457964530268,18.39492183473374,0.013707175596842496,3300.0,5.25,-3.9,-33.035076,-34.214688,-35.464228,-36.030176,-36.589533,-37.154195,-37.47454,-37.122412,54.99275873572666,0.020885010469632953,2.89262546733306,16.979373686684998,0.020885010469632953,16.160395982525387,0.020885010469632953,16.041989338250524,0.020885010469632953,2.6776344136514263e+18,335.0096898285097,0.5236507,-1.0035037331161465,0.48543423,0.5076479452846099,0.56668013,3.4202628,2.4042905993326418,0.69946516,-2.432608490143683,0.5820933,1.0031686,503635968.0,60.0,66.0,5.0,195035141.0,655360.0,196608.0,262144069.0,524416.0,196608.0,262144069.0,524416.0,196608.0,262144069.0,524416.0,196608.0,262144069.0,524416.0,196608.0
1.0643334923605989e+17,334.92362153,0.013969999738037586,-1.30047426,0.0142000000923872,22.9361497150741,0.1566062830495691,21.467124766574756,0.038219405438283345,20.59481087343865,0.016732041800860423,20.237220094666235,0.03401509645821549,19.890821049686277,0.06896002854245,3500.0,5.25,-3.9,-34.511306,-35.645233,-36.434822,-36.706275,-37.18012,-37.486433,-37.757966,-37.336244,57.120776499887995,0.03587685849631799,1.018066529396089,18.775153450846336,0.03587685849631799,18.004987746686716,0.03587685849631799,17.956175102411855,0.03587685849631799,-999,-999,-999,-999,-999,-999,-999,-999,-999,-999,-999,-999,-999,436527104.0,52.0,48.0,5.0,195035141.0,655360.0,196608.0,262144005.0,524416.0,196608.0,262144069.0,524416.0,196608.0,262144069.0,524416.0,196608.0,195035141.0,655360.0,196608.0
1.0658335184436816e+17,335.18443288,0.009759999811649323,-1.1768826,0.009960000403225422,22.67421180515897,0.12172607259762308,21.800577080977895,0.046375100504480814,20.10483090935552,0.012641999881261542,19.495452799200113,0.024567153954986418,18.96846028292348,0.02975907111037869,3600.0,4.0,-4.0,-33.632428,-34.415834,-35.949259,-36.57946,-36.880439,-37.307717,-37.695311,-37.371173,56.100190575523186,0.027288718712787454,4.85547906527632,17.933283526481528,0.027288718712787454,17.047056822321913,0.027288718712787454,16.900660178047048,0.027288718712787454,-999,-999,-999,-999,-999,-999,-999,-999,-999,-999,-999,-999,-999,436527104.0,52.0,54.0,10.0,195035141.0,655360.0,0.0,195035141.0,655488.0,0.0,262144069.0,524416.0,0.0,262144069.0,524416.0,0.0,262144005.0,524416.0,0.0
1.0651334820065669e+17,334.82007982,0.0038999998942017555,-1.2364735,0.005119999870657921,19.137376759555902,0.008854164797355991,18.763324507611614,0.00436500830965087,18.66482555708016,0.0039969715438990345,18.605150215140796,0.00832767104078309,18.523903843302772,0.016888227582252793,5687.5,0.0,0.0,-38.170444,-38.547241,-38.652706,-38.686257,-38.725588,-38.632883,-38.449025,-37.989387,57.295363376538255,0.0043266044383939665,0.03481454616772251,17.803290327496594,0.0043266044383939665,17.48851562333698,0.0043266044383939665,17.477618979062115,0.0043266044383939665,2.677620291798563e+18,334.82008117574134,0.24952155,-1.2364767291851686,0.21983212,0.5206541406146871,0.2891192,10.802426,2.8468363084474952,0.2953952,-10.420553596130771,0.27269703,1.023896,436527104.0,52.0,82.0,5.0,262144069.0,524416.0,196608.0,262144069.0,524416.0,196608.0,262144069.0,524416.0,196608.0,262144069.0,524416.0,196608.0,262144069.0,524416.0,196608.0
1.0662334819142438e+17,334.81914523,0.0047599999234080315,-1.14672337,0.0020200000144541264,17.713791768830813,0.0028696051306742044,17.28630339761513,0.0016892168835837878,17.201164463473596,0.0018128397272266425,17.1221562009124,0.003040874935136042,16.999511833504805,0.004499877837900771,5625.0,0.0,-0.2,-38.087592,-38.508504,-38.624748,-38.65516,-38.702826,-38.617959,-38.438618,-37.98105,55.78035153286735,0.001324693112982121,0.06315543408105394,16.30320248382569,0.001324693112982121,15.983910779666076,0.001324693112982121,15.970944135391209,0.001324693112982121,2.677626377766955e+18,334.81914448668107,0.094920255,-1.146728785665519,0.08453437,0.2554308960265981,0.11268272,11.366527,-7.461565133109129,0.11804914,-8.574553915523534,0.10444044,1.0915514,503635968.0,60.0,75.0,5.0,262144069.0,524416.0,196608.0,262144069.0,524416.0,196608.0,262144069.0,524416.0,196608.0,262144069.0,524416.0,196608.0,262144069.0,524416.0,196608.0
1.0672335113364677e+17,335.11337129,0.022019999101758003,-1.06142862,0.022460000589489937,23.06012513336537,0.19086252589226108,21.892418835902564,0.048908668357683385,20.823112268110137,0.029196098990148807,20.439805474078774,0.04238706794913119,20.282303796958182,0.07200701910680245,3600.0,5.25,-3.8,-34.710644,-35.721542,-36.595287,-36.865073,-37.264321,-37.534743,-37.866763,-37.442545,57.53092650168301,0.043199374142091525,1.3986961562192095,19.136993452641352,0.043199374142091525,18.306340748481738,0.043199374142091525,18.26002410420687,0.043199374142091525,-999,-999,-999,-999,-999,-999,-999,-999,-999,-999,-999,-999,-999,436527104.0,52.0,33.0,5.0,195035141.0,655360.0,196608.0,195035141.0,655488.0,196608.0,262144005.0,524416.0,196608.0,195035141.0,655488.0,196608.0,195035141.0,655360.0,196608.0
1.0628334850902827e+17,334.8509404,0.007770000025629997,-1.42681554,0.008179999887943268,21.36663204730536,0.04011904379649634,20.348600294502205,0.012940300506733119,19.845426749173715,0.010069401031103561,19.616101155290604,0.025564196927735334,19.502982638341916,0.04442307348258611,4125.0,2.25,0.3,-35.73414,-36.648894,-37.06989,-37.279833,-37.417234,-37.661361,-37.952571,-37.558434,56.96594677692276,0.013424335382690967,0.3801153891456151,18.445395727881102,0.013424335382690967,17.655553023721488,0.013424335382690967,17.579155379446625,0.013424335382690967,2.677512165996706e+18,334.85092387216093,1.1541486,-1.4268392689992868,1.1369774,-1.5035761907673186,1.4034863,27.20904,-11.910900899000634,1.1922035,-24.463489408256212,1.5127105,1.0049567,436527104.0,52.0,62.0,5.0,195035141.0,655488.0,196608.0,262144069.0,524416.0,196608.0,262144005.0,524416.0,196608.0,262144005.0,655488.0,196608.0,195035141.0,524416.0,196608.0
1.0663334792878074e+17,334.79289918,0.007439999841153622,-1.14142763,0.00267999991774559,16.98393446965465,0.001598671456260122,16.464761757113106,0.0010622450284232807,16.290436987447094,0.0009346372871258201,16.236682369837627,0.001713343842677534,16.167742038994557,0.002673486680799122,5437.5,0.0,-0.1,-37.839918,-38.339935,-38.496051,-38.536463,-38.59098,-38.542444,-38.399254,-37.946117,54.78938092460941,0.0007652643971754619,0.04206367705841298,15.387746875567746,0.0007652643971754619,15.032304171408136,0.0007652643971754619,15.014906527133272,0.0007652643971754619,2.6776251708814705e+18,334.79290194731595,0.0573612,-1.1414273019408063,0.05358061,0.5375401368284618,0.067241445,8.24263,8.106307564909454,0.07323469,-1.4928933315644313,0.06621551,0.948308,503635968.0,60.0,84.0,10.0,262144069.0,524416.0,196608.0,262144069.0,524416.0,196608.0,262144069.0,524416.0,196608.0,262144069.0,524416.0,196608.0,262144069.0,524416.0,196608.0
1.065333491747349e+17,334.91745939,0.012609999626874924,-1.22125725,0.01375999953597784,21.266427034655997,0.03611200116674179,20.70198276893416,0.02039920041146309,20.613299223449072,0.020040206118245342,20.52827581239997,0.05875708560799153,20.31103429655076,0.09285603316247829,5437.5,0.0,-2.1,-37.804461,-38.392809,-38.538439,-38.556395,-38.650484,-38.577297,-38.388377,-37.932812,59.072721427198,0.02382977286570031,0.1311776328713533,19.636234378156335,0.02382977286570031,19.326521673996723,0.02382977286570031,19.31155202972186,0.02382977286570031,-999,-999,-999,-999,-999,-999,-999,-999,-999,-999,-999,-999,-999,436527104.0,52.0,56.0,5.0,262144069.0,524416.0,196608.0,262144069.0,524416.0,196608.0,262144069.0,524416.0,196608.0,195035141.0,655360.0,196608.0,195035141.0,655360.0,196608.0
1.0652334985766101e+17,334.98575058,0.0036299999337643385,-1.23290055,0.004170000087469816,15.611868919521733,0.0007925106368037602,15.30574891828989,0.0005133636134542297,15.177789331217536,0.00047561793045297726,15.154244581891307,0.00095602820072537,15.19519820977295,0.001746288741450741,6125.0,4.5,0.4,-38.430086,-38.716732,-38.820292,-38.831221,-38.82454,-38.735391,-38.56349,-38.093296,54.01354419213868,0.00045083664509150363,0.01560134862738846,14.41896314309702,0.00045083664509150363,14.092231438937404,0.00045083664509150363,14.091890794662541,0.00045083664509150363,2.677621052007842e+18,334.9857486661783,0.03446271,-1.2329128717327484,0.035145327,0.5040730746502158,0.04163224,24.080309,-1.69935535676213,0.040807974,-24.02027137800864,0.043308955,1.0125607,503635968.0,60.0,90.0,5.0,262144069.0,524416.0,196608.0,262144069.0,524416.0,196608.0,262144069.0,524416.0,196608.0,262144069.0,524416.0,196608.0,262144069.0,524416.0,196608.0
1.0655335035829872e+17,335.0358162,0.00215000007301569,-1.20144616,0.0028800000436604023,17.455393879974796,0.0022527783958284186,16.86020169185911,0.001263520261516236,16.58990043332994,0.0011070139895785736,16.53080702450269,0.002075752041109357,16.442370282442234,0.003151256540160529,5062.5,4.0,0.2,-37.342145,-37.890329,-38.114322,-38.199873,-38.253442,-38.298262,-38.299666,-37.858614,54.73575686242175,0.0009409811526947851,0.09771018446827297,15.57830481338009,0.0009409811526947851,15.078268109220474,0.0009409811526947851,15.048785464945611,0.0009409811526947851,2.677609850733373e+18,335.0358163624901,0.07503474,-1.2014471781751892,0.08066315,0.7351770662602191,0.0891579,3.2114487,1.5786718478602424,0.09188557,-2.7966404187925678,0.09882358,1.0171946,503635968.0,60.0,87.0,10.0,262144069.0,524416.0,196608.0,262144069.0,524416.0,196608.0,262144069.0,524416.0,196608.0,262144069.0,524416.0,196608.0,262144069.0,524416.0,196608.0
1.0666335019948043e+17,335.01993613,0.013829999603331089,-1.11672433,0.01056000031530857,15.352977160311076,0.0008363508351160069,15.145400616565002,0.0005012906041374018,15.044469815910306,0.0004967718625297878,14.970726160781554,0.0007665334561853305,14.98697647061736,0.0012511973465294329,5937.5,0.0,1.0,-38.45924,-38.663071,-38.73094,-38.77916,-38.793521,-38.673589,-38.47196,-38.005855,53.78529644483706,0.0003660942835943069,0.02191828520193347,14.252517395795397,0.0003660942835943069,13.95551369163578,0.0003660942835943069,13.951084047360924,0.0003660942835943069,2.6776287442942776e+18,335.01993341551264,0.02885935,-1.1167272249545424,0.029948663,0.5007080185360431,0.033920262,8.015165,-2.007966102521624,0.041706763,-7.759571535639364,0.04071244,1.0175875,503635968.0,60.0,73.0,5.0,262144069.0,524416.0,196608.0,262144069.0,524416.0,196608.0,262144069.0,524416.0,196608.0,262144069.0,524416.0,196608.0,262144069.0,524416.0,196608.0
1.0643335118352811e+17,335.11834312,0.02947000041604042,-1.30198319,0.03386000171303749,22.398128927117934,0.10600957723204613,21.64666439847392,0.04167905718936817,21.400626767722557,0.03587900360927239,21.324426180804824,0.07945105180119595,21.176193561609246,0.1670700151145207,5125.0,0.0,-2.2,-37.332502,-38.084239,-38.279494,-38.326314,-38.466692,-38.446443,-38.29643,-37.851026,59.6870561671457,0.044039680632715066,0.08804642764774628,20.381423118104035,0.044039680632715066,20.03280341394442,0.044039680632715066,20.00767276966956,0.044039680632715066,-999,-999,-999,-999,-999,-999,-999,-999,-999,-999,-999,-999,-999,436527232.0,52.0,28.0,5.0,35651585.0,0.0,196608.0,35651585.0,128.0,196608.0,102760517.0,128.0,196608.0,35651585.0,0.0,196608.0,35651585.0,0.0,196608.0
1.0643334833441606e+17,334.83347333,0.02572000026702881,-1.30367166,0.029899999499320984,22.496899878885138,0.1028914173147742,21.695583217199182,0.04071504571774639,21.287829872523055,0.03053700546735523,21.241857116870573,0.11345003351727373,21.057329156053274,0.16890501880246064,4687.5,1.0,-0.2,-36.723724,-37.515975,-37.789882,-37.912849,-38.037658,-38.143735,-38.196908,-37.758637,59.15191744830625,0.04672330591449394,0.2312146421304828,20.14899239926459,0.04672330591449394,19.597186695104973,0.04672330591449394,19.56492305083011,0.04672330591449394,-999,-999,-999,-999,-999,-999,-999,-999,-999,-999,-999,-999,-999,436527232.0,52.0,29.0,5.0,35651585.0,0.0,196608.0,35651649.0,128.0,196608.0,102760517.0,128.0,196608.0,35651585.0,0.0,196608.0,35651585.0,0.0,196608.0
1.0648335246537133e+17,335.24649469,0.005690000019967556,-1.26595124,0.006310000084340572,19.737659836050362,0.009894652846736969,19.438918398559856,0.007143715618766929,19.268223768268193,0.007032074076866311,19.260348816198317,0.014869372895302607,19.197704737342058,0.03005012667343433,5750.0,0.5,0.7,-38.219193,-38.5149,-38.628377,-38.671336,-38.689681,-38.61738,-38.461294,-37.997844,57.92526851128377,0.0072732255760722805,0.043452503428685486,18.44869846224211,0.0072732255760722805,18.10615175808249,0.0072732255760722805,18.099067113807628,0.0072732255760722805,2.677610739791278e+18,335.2464946716415,0.35621628,-1.2659524989966051,0.33394632,0.1809852091762083,0.40207914,5.295515,-0.778494718474315,0.4275517,-5.237979327270622,0.42902145,0.9811935,436527104.0,52.0,72.0,5.0,262144069.0,524416.0,196608.0,262144069.0,524416.0,196608.0,262144069.0,524416.0,196608.0,262144069.0,524416.0,196608.0,262144005.0,524416.0,196608.0
1.0623334912668085e+17,334.91266738,0.0032999999821186066,-1.47468167,0.0033499998971819878,20.691222842045253,0.02199971521008895,19.538474507924565,0.008364999980760415,18.224032069721094,0.0030779569843673487,17.613937760223095,0.005329002146012486,17.284442899813275,0.006822527534063644,3400.0,5.25,-3.9,-33.768109,-34.920906,-35.953811,-36.371386,-36.883879,-37.315431,-37.613851,-37.226192,54.25004021594546,0.005053235237057617,2.727307027135025,16.075419166903803,0.005053235237057617,15.278366462744188,0.005053235237057617,15.195490818469326,0.005053235237057617,2.67750807289307e+18,334.91266991161547,0.3465296,-1.4746778887524752,0.39654613,1.491577893986308,0.3474933,2.8624344,2.6366313173918363,0.3797804,1.1143184050550405,0.4967041,1.0797802,503635968.0,60.0,70.0,5.0,262144005.0,524416.0,196608.0,262144069.0,524416.0,196608.0,262144069.0,524416.0,196608.0,262144069.0,524416.0,196608.0,262144069.0,524416.0,196608.0
1.0636335138904096e+17,335.13894141,0.0020800000056624413,-1.36624601,0.001120000029914081,16.295144293047667,0.0012438159164817008,16.030268460566884,0.0007249650821024527,15.902149691685603,0.000648150471092487,15.881738611229904,0.001716345793444761,15.884991507968051,0.0021738345588994982,6000.0,1.5,1.0,-38.420151,-38.681825,-38.7784,-38.79949,-38.803467,-38.707146,-38.518827,-38.057744,54.695525112899624,0.0006376253134774292,0.01766107927495004,15.129189063857961,0.0006376253134774292,14.818875359698346,0.0006376253134774292,14.809423715423486,0.0006376253134774292,2.6776037346997345e+18,335.1389484022446,0.052830577,-1.3662614696286723,0.04555135,0.41323151192539537,0.061900318,38.31795,17.66261357353053,0.06582669,-34.0043736552753,0.0544159,1.0480938,503635968.0,60.0,91.0,5.0,262144069.0,524416.0,196608.0,262144069.0,524416.0,196608.0,262144069.0,524416.0,196608.0,262144069.0,524416.0,196608.0,262144069.0,524416.0,196608.0
1.06273350006764e+17,335.00073009,0.011500000022351742,-1.43875476,0.011830000206828117,22.005709542231624,0.06576601024048342,20.87729508803774,0.027251014792378615,20.234766462974537,0.014929125877314089,19.998537784849365,0.026491173332701696,19.718925457541587,0.05311305332464662,3600.0,5.25,-4.0,-35.391875,-36.457092,-36.968438,-37.03472,-37.538315,-37.722382,-38.031312,-37.528174,57.24513486712697,0.01877598829104503,0.5219221227295279,18.663562818085307,0.01877598829104503,17.856000113925695,0.01877598829104503,17.888603469650832,0.01877598829104503,2.677602218576397e+18,335.0007264082165,53.5844,-1.4387557402396147,24.39973,nan,nan,nan,nan,nan,nan,nan,nan,436527104.0,52.0,50.0,5.0,195035141.0,655360.0,196608.0,262144069.0,524416.0,196608.0,262144005.0,524416.0,196608.0,262144069.0,524416.0,196608.0,195035141.0,524416.0,196608.0
1.0633335124491952e+17,335.12450065,0.004240000154823065,-1.38411446,0.004019999876618385,19.064340545159613,0.007519979024515437,18.295824308560945,0.002753931161425612,17.935052479840767,0.0022985020300078235,17.81164500898561,0.005035114482845273,17.731416495395862,0.01057636565245923,4700.0,4.0,-1.9,-36.414708,-37.11401,-37.414485,-37.54154,-37.627886,-37.736709,-37.816393,-37.377369,55.39018156758856,0.0028749206682818283,0.173837427799332,16.794282518546904,0.0028749206682818283,16.21596581438729,0.0028749206682818283,16.18445517011242,0.0028749206682818283,2.677603386807177e+18,335.1244987640326,0.20194012,-1.38411748783234,0.1673223,0.33554879131753257,0.24864195,10.859234,-3.7698859364373156,0.26939383,-10.183855660185369,0.23483294,0.9780161,503635968.0,60.0,81.0,5.0,262144069.0,524416.0,196608.0,262144069.0,524416.0,196608.0,262144069.0,524416.0,196608.0,262144069.0,524416.0,196608.0,262144069.0,524416.0,196608.0
1.0647334795863318e+17,334.7958983,0.006320000160485506,-1.27269358,0.0022499999031424522,16.137558969473428,0.001322149905947975,15.52021789744799,0.0007209497567208597,15.516868000363004,0.0005380614226081814,15.442371774308825,0.001278491711624781,15.380329448243547,0.0017952195010334686,5687.5,0.25,-2.5,-38.099278,-38.637729,-38.744146,-38.735508,-38.826719,-38.696559,-38.445878,-37.98825,54.208145217967356,0.0005445994173187248,0.03215782135397256,14.652396168925694,0.0005445994173187248,14.40444446476608,0.0005445994173187248,14.391537820491218,0.0005445994173187248,2.6776200555753636e+18,334.7958985821786,0.0424068,-1.2726934560374406,0.040730026,0.7944075191669079,0.049749322,9.13387,8.750143421114196,0.04761376,2.6196505767339686,0.048277106,1.0115905,503635968.0,60.0,78.0,10.0,262144069.0,524416.0,196608.0,262144069.0,524416.0,196608.0,262144069.0,524416.0,196608.0,262144069.0,524416.0,196608.0,262144069.0,524416.0,196608.0
1.0651335124637771e+17,335.12462361,0.004550000187009573,-1.23560544,0.004610000178217888,21.346254745288697,0.03561318860611893,20.12985328712367,0.01092144642942768,19.1929319764432,0.0055748098517595214,18.752693905760584,0.008690587801637383,18.507589414278947,0.014989225432331292,3600.0,5.25,-3.8,-34.710644,-35.721542,-36.595287,-36.865073,-37.264321,-37.534743,-37.866763,-37.442545,55.81723806577902,0.008291824636564254,1.1935059181962187,17.423305016737363,0.008291824636564254,16.592652312577748,0.008291824636564254,16.54633566830288,0.008291824636564254,2.6776143862185907e+18,335.12462531689886,0.48590487,-1.235596473813395,0.49526966,1.0774746103589723,0.59466416,3.9431717,2.502114263166272,0.6173556,3.04762656837595,0.6030252,1.0075728,436527104.0,52.0,94.0,5.0,262144005.0,655488.0,196608.0,262144069.0,524416.0,196608.0,262144069.0,524416.0,196608.0,262144069.0,524416.0,196608.0,262144069.0,524416.0,196608.0
1.0651334989004477e+17,334.98899222,0.004259999841451645,-1.23809611,0.0017500000540167093,18.47151854746109,0.004108277193094481,17.922932331055584,0.002183820110650952,17.641767170860255,0.002369599656422122,17.65900239168819,0.0047122032171595515,17.58826494688452,0.010260382051094152,5375.0,0.5,-0.2,-37.736813,-38.280063,-38.453752,-38.494825,-38.549478,-38.516514,-38.38763,-37.938497,56.159683277589934,0.0024879092692212355,0.08526490703986325,16.783979228548272,0.0024879092692212355,16.414230524388657,0.0024879092692212355,16.392828880113797,0.0024879092692212355,2.67760930097732e+18,334.98899299114265,0.1531493,-1.238096653296162,0.14601488,0.08901145441971921,0.18647955,2.6946123,0.9132729798834438,0.16605201,-2.535126706963014,0.17164141,1.0257843,503635968.0,60.0,79.0,5.0,262144069.0,524416.0,196608.0,262144069.0,524416.0,196608.0,262144069.0,524416.0,196608.0,262144069.0,524416.0,196608.0,262144069.0,524416.0,196608.0
1.0636335026909683e+17,335.02690036,0.004490000195801258,-1.3612978,0.006380000151693821,19.341855637918126,0.007097922088001051,18.895803633723133,0.004254181382386689,18.77941139626242,0.004734695993405583,18.701163868424462,0.010871515545404761,18.801419235508817,0.036343107061470224,5875.0,5.0,-0.3,-38.268321,-38.660799,-38.770386,-38.782142,-38.786217,-38.71628,-38.561864,-38.08951,57.55750375436739,0.00782280559514811,0.03473607130723011,17.98203370532573,0.00782280559514811,17.637817001166113,0.00782280559514811,17.639636356891252,0.00782280559514811,2.6776032150085007e+18,335.0269004910661,0.34879747,-1.3612991261918408,0.30474788,-0.2093149700242543,0.48836628,3.6098542,3.167678455884401,0.3550349,-1.7311442347715602,0.44952866,1.1551306,436527104.0,52.0,80.0,5.0,262144069.0,524416.0,196608.0,262144069.0,524416.0,196608.0,262144069.0,524416.0,196608.0,262144069.0,524416.0,196608.0,262144069.0,524416.0,196608.0
1.0638334860918466e+17,334.8609467,0.003449999960139394,-1.34649551,0.0037799999117851257,19.116126896398434,0.006083965970560577,18.23368312508031,0.002759092800904968,17.85567947272149,0.002228690150762824,17.685963969469054,0.006301893563692347,17.601538771134493,0.007232537150436535,4500.0,2.0,0.0,-36.442406,-37.249625,-37.562804,-37.712878,-37.835228,-37.991672,-38.13725,-37.704284,55.45918664696076,0.0023800651329205563,0.20632672566443366,16.608324597919097,0.0023800651329205563,15.964113893759482,0.0023800651329205563,15.92654524948462,0.0023800651329205563,2.6775130937100933e+18,334.86094954358674,0.20250902,-1.3464938207732875,0.2198411,0.8637619986459963,0.21660396,5.1756525,5.1624666067253155,0.22924483,-0.36921363756499553,0.29744753,1.0050584,503635968.0,60.0,84.0,5.0,262144069.0,524416.0,196608.0,262144069.0,524416.0,196608.0,262144069.0,524416.0,196608.0,262144069.0,524416.0,196608.0,262144069.0,524416.0,196608.0
1.066933516668077e+17,335.16666324,0.009390000253915787,-1.08558732,0.009549999609589577,22.568536996735343,0.12060704724128249,21.153694503301466,0.02442418400795219,19.83928260609355,0.012636999695892107,19.40447634583466,0.017445216679033593,19.020086961463605,0.030622070227261235,3400.0,5.25,-3.9,-33.768109,-34.920906,-35.953811,-36.371386,-36.883879,-37.315431,-37.613851,-37.226192,55.97683368268574,0.02572496152767656,2.1903125299443573,17.80221263364408,0.02572496152767656,17.005159929484464,0.02572496152767656,16.9222842852096,0.02572496152767656,2.6776180970700175e+18,335.16664485225624,1.3415371,-1.0855929545187415,1.4447271,-1.4990960118258534,1.556317,14.155257,-8.279466247653401,2.6717374,-11.481365058167448,1.9848213,1.1310346,436527104.0,52.0,53.0,5.0,195035141.0,655360.0,196608.0,262144005.0,524416.0,196608.0,262144005.0,524416.0,196608.0,262144005.0,524416.0,196608.0,262144069.0,524416.0,196608.0
1.0666335149086818e+17,335.14912416,0.006870000157505274,-1.11021433,0.016909999772906303,21.372157267780903,0.0456280578427311,20.074975041773275,0.010067290344052938,19.308345873302162,0.006099581771488985,18.94488066022063,0.011623425510686802,18.731474050395256,0.018874171687952523,3600.0,5.25,-3.9,-35.051259,-36.089317,-36.781863,-36.949897,-37.401318,-37.628562,-37.949038,-37.48536,56.14109737869444,0.010415014685859932,0.8001601191584464,17.653345329652776,0.010415014685859932,16.834236625493162,0.010415014685859932,16.8273799812183,0.010415014685859932,2.6776179553367153e+18,335.1491263518557,0.46660364,-1.1102182700207035,0.5234579,2.1670063360631415,0.5368161,15.011898,11.472393640182577,0.62109375,-9.682006900932429,0.60541457,0.9638226,436527104.0,52.0,86.0,5.0,195035141.0,655488.0,196608.0,262144069.0,524416.0,196608.0,262144069.0,524416.0,196608.0,262144005.0,524416.0,196608.0,262144069.0,524416.0,196608.0
1.0661334837483621e+17,334.83748475,0.011289999820291996,-1.15358826,0.020649999380111694,21.753243008932255,0.05910000090126774,20.500967490492723,0.017960055776363632,19.693542442842045,0.011540205356123033,19.204079207862122,0.014410327732427735,18.936973001182537,0.02303413142551889,3500.0,5.25,-4.0,-34.684886,-35.794762,-36.506989,-36.718367,-37.250151,-37.556015,-37.860125,-37.399868,56.208792030262344,0.013692010525215768,1.0577794659582986,17.79358698122068,0.013692010525215768,16.990844277061072,0.013692010525215768,16.980566632786207,0.013692010525215768,2.677625617558356e+18,334.8374794373891,1.0504562,-1.153581089935683,1.7360373,nan,nan,nan,nan,nan,nan,nan,nan,436527104.0,52.0,69.0,5.0,195035141.0,655360.0,196608.0,262144005.0,524416.0,196608.0,262144005.0,524416.0,196608.0,262144005.0,524416.0,196608.0,262144069.0,524416.0,196608.0
1.0650334913498016e+17,334.91350262,0.004009999800473452,-1.25024535,0.004519999958574772,18.64550194826771,0.004580515731365256,18.069645002609548,0.0025158647411724936,17.85942642997726,0.002304680067234248,17.790595508220196,0.00662085566516966,17.666357744269114,0.008652452258608665,5187.5,2.5,0.0,-37.499697,-38.055196,-38.253231,-38.32027,-38.374876,-38.397339,-38.354853,-37.901731,56.10695932666877,0.0024602675448005874,0.08945517120655203,16.850430277627108,0.0024602675448005874,16.394283573467497,0.0024602675448005874,16.376870929192634,0.0024602675448005874,2.677619673323263e+18,334.9135044483206,0.1544635,-1.25024813299931,0.14385852,0.331867777379345,0.1814303,10.222193,6.040786180322516,0.1915681,-8.24634077431389,0.17959817,1.0210698,503635968.0,60.0,80.0,5.0,262144069.0,524416.0,196608.0,262144069.0,524416.0,196608.0,262144069.0,524416.0,196608.0,262144069.0,524416.0,196608.0,262144069.0,524416.0,196608.0
1.0665335051937082e+17,335.05193378,0.004050000105053186,-1.12471501,0.002749999985098839,20.6713740015262,0.022524646120021342,19.44637715152097,0.0059853777852494445,18.354787425212688,0.0032688282229704183,17.901816884260427,0.004776116507786711,17.70581737794185,0.007443482936180209,3600.0,5.25,-3.8,-34.710644,-35.721542,-36.595287,-36.865073,-37.264321,-37.534743,-37.866763,-37.442545,55.047407968092436,0.0050282656856327585,1.588569637264143,16.653474919050776,0.0050282656856327585,15.822822214891161,0.0050282656856327585,15.776505570616296,0.0050282656856327585,2.6776283663371494e+18,335.0519341953014,0.27847424,-1.124716016092068,0.27694142,1.1541689894309992,0.3309291,8.771742,-5.632161912139339,0.33267915,-6.724745595450506,0.33583105,1.0410153,503635968.0,60.0,90.0,5.0,262144069.0,524416.0,196608.0,262144069.0,524416.0,196608.0,262144069.0,524416.0,196608.0,262144069.0,524416.0,196608.0,262144069.0,524416.0,196608.0
1.0651334906012987e+17,334.90599016,0.003329999977722764,-1.23382723,0.003389999968931079,19.43759180026215,0.0077046953926411385,18.912362504663776,0.004323096753831576,18.693285098016883,0.004134929090186019,18.64488901959872,0.009400595749642167,18.542350111667567,0.017566218586809127,5375.0,0.0,0.0,-37.752178,-38.27633,-38.448049,-38.494834,-38.54957,-38.512147,-38.38145,-37.931342,57.15028790684181,0.00443663102412175,0.07793129198396112,17.77895085780015,0.00443663102412175,17.411015153640534,0.00443663102412175,17.39058850936567,0.00443663102412175,2.677619742042751e+18,334.90598761349133,0.2685686,-1.2338290369449194,0.2442746,0.4486007939165975,0.32764632,4.731833,-1.4005543884009914,0.3482108,-4.519810904836142,0.31785524,1.0426141,436527104.0,52.0,86.0,5.0,262144069.0,524416.0,196608.0,262144069.0,524416.0,196608.0,262144069.0,524416.0,196608.0,262144069.0,524416.0,196608.0,262144005.0,524416.0,196608.0
1.0654335106494987e+17,335.10648924,0.020239999517798424,-1.20879357,0.01803000085055828,22.82141200171365,0.14618141635688,22.058720612238197,0.06045719259795275,20.885623669260198,0.022259016524884653,20.373962174039654,0.042804078959712666,20.102652867759744,0.06257603276142654,3600.0,5.25,-3.8,-34.710644,-35.721542,-36.595287,-36.865073,-37.264321,-37.534743,-37.866763,-37.442545,57.47984766500229,0.03536523235797157,2.6696080252505783,19.08591461596063,0.03536523235797157,18.255261911801014,0.03536523235797157,18.208945267526147,0.03536523235797157,-999,-999,-999,-999,-999,-999,-999,-999,-999,-999,-999,-999,-999,436527104.0,52.0,45.0,10.0,195035141.0,655360.0,196608.0,195035141.0,655360.0,196608.0,262144005.0,524416.0,196608.0,195035141.0,655488.0,196608.0,195035141.0,655360.0,196608.0
1.0656335001255642e+17,335.001238,0.011169999837875366,-1.19502325,0.009970000013709068,19.306269475832877,0.00834382786766948,18.109567168254014,0.0024423366456842645,17.29709367891189,0.0014872799378987988,16.852272886222377,0.002650107910294876,16.62006607345047,0.004373877413092192,3500.0,5.25,-4.0,-34.684886,-35.794762,-36.506989,-36.718367,-37.250151,-37.556015,-37.860125,-37.399868,53.82808485653432,0.002039120878719963,1.0285370335837136,15.412879807492654,0.002039120878719963,14.610137103333045,0.002039120878719963,14.599859459058182,0.002039120878719963,2.6776216318283863e+18,335.00123465037893,0.14678754,-1.1950204622476048,0.12897615,1.6071438342007394,0.18207133,9.291176,-4.888958075463115,0.16576484,7.900888327999534,0.16225873,0.8473865,503635968.0,60.0,83.0,10.0,262144069.0,524416.0,0.0,262144069.0,524416.0,0.0,262144069.0,524416.0,0.0,262144069.0,524416.0,0.0,262144069.0,524416.0,0.0
1.065433479377031e+17,334.79382726,0.009100000374019146,-1.21441992,0.00901000015437603,22.095257243298068,0.08358904009901151,20.896217538608962,0.02317300288714954,20.060719233221576,0.011863075693168893,19.69697641543237,0.017434247993218677,19.45867053992244,0.03422007652343873,3600.0,5.25,-3.9,-35.051259,-36.089317,-36.781863,-36.949897,-37.401318,-37.628562,-37.949038,-37.48536,56.89629899409669,0.01912047582330827,0.9247383842422332,18.408546945055026,0.01912047582330827,17.58943824089541,0.01912047582330827,17.58258159662055,0.01912047582330827,2.677623521614294e+18,334.79382190151415,2.1896336,-1.2144215450163642,1.3034858,-0.6996421626617746,2.5986428,2.8624787,-0.8762918350321656,1.741874,-2.7250499410030096,1.6971619,0.93718404,436527104.0,52.0,71.0,20.0,195035141.0,655360.0,196608.0,262144005.0,524416.0,196608.0,262144069.0,524416.0,196608.0,262144069.0,524416.0,196608.0,262144069.0,524416.0,196608.0
1.0654334856730747e+17,334.85675607,0.009410000406205654,-1.21080556,0.009689999744296074,21.798257127904332,0.06325701411961156,20.714060029433337,0.01845003456713532,20.196004308467135,0.012086173624040212,19.928912328809403,0.02668817475642379,19.70179552964935,0.0421380691864197,3700.0,5.25,-3.9,-35.71008,-36.718308,-37.208436,-37.24002,-37.662846,-37.780598,-38.100624,-37.598092,57.375743864852716,0.016704256643522427,0.4060162595388585,18.735955815811057,0.016704256643522427,17.917297111651436,0.016704256643522427,17.949294467376575,0.016704256643522427,2.6776208071949645e+18,334.8567475050238,3.2215717,-1.2108062661101295,2.0808597,nan,nan,nan,nan,nan,nan,nan,nan,436527104.0,52.0,69.0,10.0,195035141.0,655360.0,196608.0,262144069.0,524416.0,196608.0,262144069.0,524416.0,196608.0,262144069.0,524416.0,196608.0,195035141.0,524416.0,196608.0
1.065333524478333e+17,335.24480261,0.004490000195801258,-1.22266209,0.003109999932348728,14.87676475981019,0.0006879965622437646,14.18623053868612,0.0003775854924874951,14.098018256436472,0.00030635591567292183,13.969494214464929,0.000721008471270369,13.92175620534479,0.0009880479978809406,5375.0,0.0,-2.1,-37.716376,-38.33317,-38.48878,-38.5117,-38.612482,-38.551114,-38.372615,-37.917532,52.542954394948495,0.000297042494106431,0.042879025780162124,13.132650345906836,0.000297042494106431,12.812516641747216,0.000297042494106431,12.797064997472356,0.000297042494106431,2.6776117748787174e+18,335.2448011703496,0.021799682,-1.2226684992683443,0.019603647,1.732390142834919,0.025855469,16.307318,-1.9776385988159093,0.026201915,-16.18695584224172,0.022045692,1.0101061,503635968.0,60.0,79.0,5.0,262144069.0,524416.0,196608.0,263192581.0,524416.0,196608.0,263208967.0,524416.0,196608.0,263192581.0,524416.0,196608.0,262144069.0,524416.0,196608.0
1.0648335033263437e+17,335.0332508,0.005309999920427799,-1.26341695,0.0036100000143051147,19.47695304934713,0.00823471904277294,18.41366206374507,0.003103250398616992,17.974909781041003,0.002264490883623323,17.719999293985214,0.004958127744845511,17.686378586186198,0.009616399468437366,4375.0,0.25,0.2,-36.102545,-37.048009,-37.435564,-37.612194,-37.743446,-37.91753,-38.085272,-37.661842,55.44273215486093,0.0028257873181306925,0.3005240346858143,16.666012105819267,0.0028257873181306925,15.999637401659648,0.0028257873181306925,15.95253275738479,0.0028257873181306925,2.677609331042006e+18,335.03324936696475,0.190452,-1.2634164723837094,0.18341194,0.6430027015562726,0.2337669,5.528473,-5.513620813655931,0.21658348,0.4049689105150056,0.2233248,0.9796696,503635968.0,60.0,84.0,5.0,262144005.0,524416.0,196608.0,262144069.0,524416.0,196608.0,262144069.0,524416.0,196608.0,262144069.0,524416.0,196608.0,262144069.0,524416.0,196608.0
1.0635334906593e+17,334.90661399,0.00913000013679266,-1.37540897,0.008460000157356262,17.2684188232768,0.0020363475149096887,16.375861520624834,0.0009929233348491974,15.917964098848302,0.0007577291514974973,15.744176863199066,0.0015776212052299417,15.586653837658984,0.001688345026849054,4250.0,3.0,0.5,-36.04707,-36.868887,-37.256567,-37.445436,-37.563708,-37.761236,-37.965226,-37.583621,53.2149486287216,0.0006647152477346414,0.3272141589578267,14.594522579679943,0.0006647152477346414,13.891899875520323,0.0006647152477346414,13.802970231245462,0.0006647152477346414,2.6776065822628526e+18,334.9066238699917,0.059176497,-1.3754164345560798,0.053727027,1.349260348377776,0.06648978,26.654621,17.056457331079717,0.063165955,-20.48282545544457,0.06773853,1.0064739,503635968.0,60.0,78.0,5.0,262144069.0,524416.0,196608.0,262144069.0,524416.0,196608.0,262144069.0,524416.0,196608.0,262144069.0,524416.0,196608.0,262144069.0,524416.0,196608.0
1.065933484455991e+17,334.84457245,0.009510000236332417,-1.16778803,0.01042999979108572,15.404746335616268,0.0007962460051518941,15.008287983584538,0.0004853831324458402,14.900456318819591,0.00044120304596052964,14.792154119516693,0.0007032161333568247,14.783309591543253,0.001030880919036528,5625.0,0.0,0.2,-38.097755,-38.457704,-38.579674,-38.627742,-38.659093,-38.588557,-38.433963,-37.972969,53.462184469816066,0.0003238205066511419,0.03171441612412026,14.014437420774403,0.0003238205066511419,13.670398716614791,0.0003238205066511419,13.660858072339929,0.0003238205066511419,2.677625553133604e+18,334.84457391064984,0.029815689,-1.1677833571391645,0.02866943,0.8924979710680822,0.03398979,10.774781,0.9768071352815926,0.039789125,10.730413144906802,0.04020498,1.0020629,503635968.0,60.0,86.0,5.0,262144069.0,524416.0,196608.0,262144069.0,524416.0,196608.0,262144069.0,524416.0,196608.0,262144069.0,524416.0,196608.0,262144069.0,524416.0,196608.0
1.0675334885592e+17,334.88560442,0.008299999870359898,-1.03374428,0.006570000201463699,17.97863377856174,0.0035445754538092106,17.44271886259861,0.0017238504189256783,17.20591217028589,0.0016622118712564045,17.174693539411564,0.0036535566342215417,17.033155787859,0.006384616726744906,5187.5,4.0,0.2,-37.500218,-38.013552,-38.220133,-38.294184,-38.338874,-38.362656,-38.336479,-37.890223,55.44041502774336,0.0017018863716055524,0.10360057512740023,16.2185689787017,0.0017018863716055524,15.74611327454209,0.0017018863716055524,15.721834630267226,0.0017018863716055524,2.6776333484992614e+18,334.88560652445716,0.10715855,-1.0337444884086273,0.10950045,0.42747687418985636,0.1224444,3.2988493,1.1493076917648848,0.12945351,-3.092167447693039,0.123982824,1.0353702,503635968.0,60.0,77.0,5.0,262144069.0,524416.0,196608.0,262144069.0,524416.0,196608.0,262144069.0,524416.0,196608.0,262144069.0,524416.0,196608.0,262144069.0,524416.0,196608.0
1.0669335038702123e+17,335.03868999,0.001829999964684248,-1.09103321,0.0021299999207258224,17.407145964492045,0.002439718256111417,16.83392234705561,0.0011991800703844094,16.632214329027715,0.0010504411311832516,16.551393306306657,0.0022035917751426414,16.465355640795714,0.0031412601524478025,5312.5,0.0,0.0,-37.661778,-38.218864,-38.405301,-38.455833,-38.513602,-38.485538,-38.363626,-37.916605,55.02908191753554,0.0009636807902479894,0.07101250837353182,15.684353868493883,0.0009636807902479894,15.30763316433427,0.0009636807902479894,15.284119520059408,0.0009636807902479894,2.677629229625579e+18,335.0386898459383,0.068788886,-1.0910347223946781,0.07300539,0.6148214861334265,0.081473894,4.990098,-1.0523552406315948,0.0888707,-4.877871123699372,0.092941776,1.0223216,503635968.0,60.0,79.0,5.0,262144069.0,524416.0,196608.0,262144069.0,524416.0,196608.0,262144069.0,524416.0,196608.0,262144069.0,524416.0,196608.0,262144069.0,524416.0,196608.0
1.0645335105237557e+17,335.10527084,0.001449999981559813,-1.28739574,0.0025500000920146704,15.700143201519362,0.0008104490378582325,15.300186274108864,0.0004890705972959853,15.196556264270919,0.00047080036159172824,15.151254359780106,0.0008686374012937504,15.12091018035961,0.001439775839224804,5750.0,0.0,-0.5,-38.240854,-38.627556,-38.718971,-38.739604,-38.786417,-38.672103,-38.461724,-38.003347,53.91649045600778,0.00039724833918955725,0.014591576251222033,14.385197406966117,0.00039724833918955725,14.096943702806506,0.00039724833918955725,14.084786058531643,0.00039724833918955725,2.67760531524766e+18,335.1052785985072,0.03987861,-1.2873998632399086,0.0514375,0.7165266874056181,0.041260008,21.01085,19.660755510254297,0.04754645,-7.410164614788429,0.06093613,1.0510502,503635968.0,60.0,97.0,5.0,262144069.0,524416.0,196608.0,262144069.0,524416.0,196608.0,262144069.0,524416.0,196608.0,262144069.0,524416.0,196608.0,262144069.0,524416.0,196608.0
1.0673334927212293e+17,334.92721298,0.015869999304413795,-1.05630655,0.010379999876022339,20.10396417425555,0.013517798500718504,19.876361391208658,0.010702992620563087,19.815749815886623,0.010472660851293074,19.74072273506338,0.021606253052589047,19.77997420620484,0.05009407527584116,6000.0,0.5,0.8,-38.505365,-38.701755,-38.766317,-38.800111,-38.813724,-38.70259,-38.508529,-38.037419,58.58080886452381,0.011633070276349605,0.01274851652131853,19.019028815482148,0.011633070276349605,18.71445711132253,0.011633070276349605,18.71503246704767,0.011633070276349605,2.6776331079810826e+18,334.92721572531286,0.5220286,-1.056307149586602,0.45137674,0.27179090000528067,0.61926943,3.2498765,1.895548340731042,0.61333805,-2.6398094077868364,0.5663135,0.9264696,436527104.0,52.0,72.0,5.0,262144069.0,524416.0,196608.0,262144069.0,524416.0,196608.0,262144069.0,524416.0,196608.0,262144069.0,524416.0,196608.0,195035141.0,524416.0,196608.0
1.0663335061064661e+17,335.06106411,0.005419999826699495,-1.13656965,0.0065299998968839645,16.196659152140125,0.0011185280756903185,15.482293350987504,0.0005465431935640037,15.234593515205262,0.00050806413812714,15.018520486550965,0.0009351476320633786,15.007487332359364,0.001081685309391928,4800.0,5.0,-2.1,-36.91599,-37.540055,-37.795089,-37.914843,-37.990901,-38.094546,-38.188919,-37.748473,53.01928636744864,0.0003925551115090749,0.13205728906761455,14.06555031840698,0.0003925551115090749,13.472544614247369,0.0003925551115090749,13.442455969972508,0.0003925551115090749,2.677628301912638e+18,335.06106851991996,0.04391706,-1.1365728810058993,0.057528477,1.6397574941196111,0.04208528,15.275107,4.8110635727202355,0.06048566,-14.497674246304886,0.07338346,0.9588374,503635968.0,60.0,89.0,5.0,262144069.0,524416.0,196608.0,262144069.0,524416.0,196608.0,262144069.0,524416.0,196608.0,262144069.0,524416.0,196608.0,262144069.0,524416.0,196608.0
1.0653335081041678e+17,335.08102007,0.003010000102221966,-1.21973171,0.0032500000670552254,19.367464333492364,0.007406048599272669,18.455411584477922,0.003075405969301504,18.144042846003423,0.002586108155357118,17.936958068204895,0.004990124159723073,17.827732592172982,0.010086382796951973,4625.0,1.0,-0.9,-36.585463,-37.438557,-37.717666,-37.851807,-38.003326,-38.12144,-38.175524,-37.745594,55.86568568487033,0.0028116336189347945,0.1762863398242915,16.885055635828667,0.0028116336189347945,16.33233893166905,0.0028116336189347945,16.291734287394192,0.0028116336189347945,2.6776153783559864e+18,335.0810196338471,0.19738823,-1.2197333182276406,0.19385074,0.6725044379549624,0.23767704,8.173676,-4.634885523188512,0.22166026,-6.732518125668761,0.23990569,1.0259238,503635968.0,60.0,98.0,5.0,262144069.0,524416.0,196608.0,262144069.0,524416.0,196608.0,262144069.0,524416.0,196608.0,262144069.0,524416.0,196608.0,262144069.0,524416.0,196608.0
1.0656334932442894e+17,334.93244442,0.004679999779909849,-1.19294134,0.003809999907389283,18.14934528709838,0.0035086407041631223,17.615366559192225,0.0022278512070843014,17.453639473950414,0.001779870959729911,17.385682856670904,0.004321315992804674,17.346642178471736,0.007175548635839787,5437.5,0.0,-0.1,-37.839918,-38.339935,-38.496051,-38.536463,-38.59098,-38.542444,-38.399254,-37.946117,55.95080467107673,0.0019037236286822603,0.034401215048745146,16.549170622035067,0.0019037236286822603,16.193727917875457,0.0019037236286822603,16.17633027360059,0.0019037236286822603,2.6776221472244634e+18,334.9324460930858,0.11822315,-1.1929415112026984,0.10848012,-0.1606004454436442,0.13808437,3.4351332,1.8156848740260911,0.1392838,-2.9160639147770686,0.13733232,1.0469456,503635968.0,60.0,71.0,10.0,262144069.0,524416.0,0.0,262144069.0,524416.0,0.0,262144069.0,524416.0,0.0,262144069.0,524416.0,0.0,262144069.0,524416.0,0.0
1.0678334949788637e+17,334.94979866,0.005679999943822622,-1.01179772,0.0029200001154094934,15.318361380542141,0.0008581561861262963,14.983019756742637,0.0005527828963055738,14.848623569477645,0.0004231511204190861,14.71124989126608,0.0009699399145478866,14.704703804301811,0.001071732192079873,5625.0,0.0,1.0,-38.085737,-38.42078,-38.553701,-38.611675,-38.633947,-38.567318,-38.414542,-37.959294,53.37435968046606,0.0003638929056917834,0.06200686709838972,13.947851631424395,0.0003638929056917834,13.601994927264784,0.0003638929056917834,13.58670828298992,0.0003638929056917834,2.677633627672098e+18,334.94980075277675,0.026021682,-1.011806453940021,0.026488982,0.4605108721074865,0.02909964,21.002558,5.076877059732659,0.034457825,-20.379714061839504,0.03401841,1.0173094,503635968.0,60.0,76.0,5.0,262144069.0,524416.0,196608.0,262144069.0,524416.0,196608.0,262144069.0,524416.0,196608.0,262144069.0,524416.0,196608.0,262144069.0,524416.0,196608.0
1.0654334754841978e+17,334.7549145,0.006630000192672014,-1.20890686,0.00827999971807003,19.80170350001078,0.013570116912595211,19.071853771536887,0.005718961286319011,18.80932281988457,0.005459310584776052,18.624825221018288,0.008107677815646488,18.478892735567797,0.015213246197793667,4600.0,3.5,-1.6,-36.647834,-37.308173,-37.603842,-37.752288,-37.84345,-37.981122,-38.115592,-37.696555,56.38843700960368,0.004664058158788227,0.1796438234673891,17.548124960562017,0.004664058158788227,16.915022256402402,0.004664058158788227,16.86352461212754,0.004664058158788227,2.6776243118879703e+18,334.754915841628,0.28373995,-1.2089093977614251,0.26386416,0.5403127957788907,0.36236843,9.04985,4.036389809681365,0.32187647,-8.099836478654266,0.33273193,1.0284421,436527232.0,52.0,70.0,10.0,262144069.0,524416.0,196608.0,262144069.0,524416.0,196608.0,262144069.0,524416.0,196608.0,262144069.0,524416.0,196608.0,262144069.0,524416.0,196608.0
1.0644335075160654e+17,335.07513791,0.006680000107735395,-1.29490806,0.003800000064074993,19.65431969540206,0.009448145113858141,18.80629065839838,0.00408112425123344,18.44083396845179,0.00334531341256342,18.265157926018865,0.005806959428981938,18.08273006704627,0.011032346852584394,4500.0,1.5,0.0,-36.433393,-37.25571,-37.56788,-37.718472,-37.847642,-38.000616,-38.133831,-37.701917,56.01448586306348,0.0033018031313836686,0.2585812425165816,17.154679814021815,0.0033018031313836686,16.5228321098622,0.0033018031313836686,16.484211465587336,0.0033018031313836686,2.677608231530361e+18,335.07513710839646,0.25981954,-1.2949078862448111,0.24481626,0.6172352926756187,0.3157513,5.612434,-5.242115902031681,0.27438292,-2.0049029824311617,0.28966457,0.9650338,436527104.0,52.0,90.0,5.0,262144069.0,524416.0,196608.0,262144069.0,524416.0,196608.0,262144069.0,524416.0,196608.0,262144069.0,524416.0,196608.0,262144069.0,524416.0,196608.0
1.0654334808653595e+17,334.80867929,0.003280000062659383,-1.21205348,0.0035800000187009573,16.120584680878263,0.0012583273181513768,15.486418470944063,0.0005835125874164353,15.29756061359606,0.0004984297326644125,15.222100327259568,0.0008021754872143682,15.157264050099851,0.0013299956873328016,5312.5,0.0,-0.8,-37.645415,-38.247181,-38.426623,-38.464721,-38.540678,-38.503577,-38.360174,-37.911694,53.72170922855557,0.00042823735560059854,0.04746347538844072,14.358942179513907,0.00042823735560059854,14.003712475354291,0.00042823735560059854,13.981657831079433,0.00042823735560059854,2.677623693412678e+18,334.80868318814254,0.043363962,-1.2120497957035083,0.040117767,1.3973274654154513,0.047528703,11.771757,9.460483951117098,0.05808049,7.005248984313441,0.05084391,1.092943,503635968.0,60.0,91.0,20.0,262144069.0,524416.0,0.0,262144069.0,524416.0,0.0,262144069.0,524416.0,0.0,262144069.0,524416.0,0.0,262144069.0,524416.0,0.0
1.0659335160440195e+17,335.16043052,0.00901000015437603,-1.17370884,0.009499999694526196,21.0694730743225,0.027374105525183608,20.53287643406114,0.013711476288792216,20.368544285905465,0.013732382786687097,20.257183626375884,0.03374215432610272,20.39724311600584,0.08815904197407323,5562.5,5.0,-0.3,-37.940006,-38.412996,-38.557068,-38.592676,-38.615317,-38.586681,-38.487141,-38.016457,58.948676707334165,0.020036441033951153,0.0784079802204438,19.502805658292505,0.020036441033951153,19.103712954132888,0.020036441033951153,19.103862309858023,0.020036441033951153,2.6776153096365394e+18,335.1604222150191,1.3328205,-1.1737170654411349,1.4227664,nan,nan,nan,nan,nan,nan,nan,nan,436527104.0,52.0,78.0,5.0,262144069.0,524416.0,196608.0,262144069.0,524416.0,196608.0,262144069.0,524416.0,196608.0,262144069.0,524416.0,196608.0,195035141.0,524416.0,196608.0
1.0640335055142688e+17,335.05513905,0.0037700000684708357,-1.32797918,0.004860000219196081,19.891198040288565,0.01340553870081365,18.627891531112805,0.00411170763028837,17.56709586854985,0.0019796002355252505,17.1237170046722,0.0033676308465868054,16.788719655923327,0.005631665090459646,3400.0,5.25,-4.0,-33.977897,-35.132432,-36.04554,-36.402014,-36.961987,-37.389647,-37.68894,-37.271563,53.70369842010935,0.0031214740991939087,1.5932671779084058,15.45486137106769,0.0031214740991939087,14.656935666908069,0.0031214740991939087,14.60377802263321,0.0031214740991939087,2.6776077161342536e+18,335.05513993842027,0.21492463,-1.3279797633429893,0.19312717,2.092328924089404,0.27321678,7.081736,6.843875640068064,0.29753518,-1.8199861233808055,0.25547263,1.0878192,503635968.0,60.0,66.0,5.0,262144069.0,524416.0,196608.0,262144069.0,524416.0,196608.0,262144069.0,524416.0,196608.0,262144069.0,524416.0,196608.0,262144069.0,524416.0,196608.0
1.0653335025673611e+17,335.02565867,0.0020200000144541264,-1.22030513,0.0015300000086426735,15.64504815375156,0.0008646854880297013,15.230037546647436,0.0005357125904367851,15.064928792858495,0.00046788822103038395,15.092265397282482,0.0008765743232989888,15.105022543462665,0.0023007351799105226,5937.5,5.0,-1.8,-38.332293,-38.744596,-38.843119,-38.836235,-38.849152,-38.766414,-38.589817,-38.109618,53.948539486800534,0.0005409381950827883,0.02344003429515452,14.322935437758876,0.0005409381950827883,14.000899733599262,0.0005409381950827883,14.010564089324399,0.0005409381950827883,2.6776097132941793e+18,335.02565737373806,0.043441597,-1.2203097225276087,0.053996578,0.726276938864693,0.04572507,10.824148,-1.436189815880757,0.04852767,-10.728445595403699,0.06738118,1.0857002,503635968.0,60.0,73.0,5.0,262144069.0,524416.0,196608.0,262144069.0,524416.0,196608.0,262144069.0,524416.0,196608.0,262144069.0,524416.0,196608.0,262144069.0,524416.0,196608.0
1.0644335141358581e+17,335.14143924,0.00546000013127923,-1.295505,0.00418000016361475,21.037326895597733,0.02790748208939165,19.82445982015135,0.008398796531335437,18.42616948360138,0.003455539974872071,17.734359986354868,0.0044861674573287045,17.396268515948478,0.007213485667080613,3400.0,5.25,-3.8,-33.558321,-34.70938,-35.862082,-36.340758,-36.805771,-37.241216,-37.538762,-37.180821,54.338979340330766,0.006110542267873775,3.1665883563015895,16.238573291289104,0.006110542267873775,15.442394587129492,0.006110542267873775,15.329800942854627,0.006110542267873775,2.67760517780824e+18,335.14145502106607,0.3423335,-1.2955040069026145,0.31110635,2.6834504650234194,0.40168557,45.316795,45.315422730183194,0.36558232,-0.35260702418202017,0.35508463,0.9657791,503635968.0,60.0,84.0,5.0,262144069.0,524416.0,196608.0,262144069.0,524416.0,196608.0,262144069.0,524416.0,196608.0,262144069.0,524416.0,196608.0,262144069.0,524416.0,196608.0
1.0651334780652539e+17,334.78071032,0.008369999937713146,-1.23753577,0.0036200000904500484,17.7777740012772,0.002760115510061185,17.29394862224424,0.0017190978979640462,17.192534349893787,0.0015018627976166792,17.11646562256795,0.003291732760154432,17.037623432941484,0.006203637166397971,5562.5,0.0,-0.5,-38.002122,-38.4698,-38.596802,-38.623236,-38.680911,-38.603456,-38.425602,-37.970074,55.758243405784924,0.0015767022005580876,0.03416514597880326,16.29559735674326,0.0015767022005580876,15.97481865258365,0.0015767022005580876,15.95981200830879,0.0015767022005580876,2.6776231780165847e+18,334.7807157583971,0.11374392,-1.237534992945252,0.09225576,0.30909735480785966,0.13411263,21.85309,21.535034050332552,0.115654305,3.714813963710593,0.11159679,1.12571,503635968.0,60.0,77.0,5.0,262144069.0,524416.0,196608.0,262144069.0,524416.0,196608.0,262144069.0,524416.0,196608.0,262144069.0,524416.0,196608.0,262144069.0,524416.0,196608.0
1.066333478834647e+17,334.78833421,0.012409999966621399,-1.13813056,0.005760000087320805,21.03610525145947,0.028779253848660757,19.877388880861286,0.009213702251630092,19.318914988131947,0.007888663158058966,19.01402912519831,0.012029433827491446,19.001615915749703,0.03672509453201119,4200.0,4.0,-3.1,-35.686064,-36.699348,-37.204331,-37.415219,-37.543875,-37.774992,-38.022329,-37.631037,56.559378232280146,0.009937421424663079,0.46576984371740726,17.925196183238487,0.009937421424663079,17.17922647907887,0.009937421424663079,17.099983834804007,0.009937421424663079,2.677625170881472e+18,334.78833910681857,0.4978119,-1.1381283317698063,0.46647498,0.9068221124839756,0.5928712,2.6430793,2.105791501500269,0.62829226,-1.5973446764407366,0.56887853,1.0470748,436527104.0,52.0,75.0,10.0,262144005.0,524416.0,196608.0,262144069.0,524416.0,196608.0,262144069.0,524416.0,196608.0,262144005.0,524416.0,196608.0,262144069.0,524416.0,196608.0
1.0661334987246595e+17,334.98725899,0.01761999912559986,-1.15374374,0.00395999988541007,19.86512501993356,0.012320955252926378,19.986342583860516,0.010349065757966286,19.636893911225865,0.010093701556995188,19.357113840408,0.01728531789802021,19.505563329445675,0.037946099298778874,6062.5,0.0,1.0,-38.597714,-38.758191,-38.803064,-38.847988,-38.858539,-38.714539,-38.490048,-38.021557,58.44330693697473,0.009164017848863927,0.8423037729412264,18.869577887933065,0.009164017848863927,18.59543618377345,0.009164017848863927,18.593392539498588,0.009164017848863927,2.677622696980301e+18,334.987256164077,0.4816819,-1.1537453881846034,0.42075267,0.20384492933290166,0.5693693,0.7438864,0.4363745189828952,0.5736995,-0.6024485924853749,0.57897216,1.1365057,436527256.0,52.0,69.0,5.0,262144005.0,524416.0,196608.0,262144069.0,524416.0,196608.0,262144069.0,524416.0,196608.0,262144069.0,524416.0,196608.0,262144005.0,524416.0,196608.0
1.0656334949590437e+17,334.94956948,0.004769999999552965,-1.19676172,0.002199999988079071,17.62502247361265,0.0023890945269123363,16.46359288200683,0.00099958232249419,16.006320855630403,0.0006623233218126281,15.79501597246794,0.0016045539247056095,15.547399403890234,0.0019510238892706,3700.0,5.25,-3.9,-35.71008,-36.718308,-37.208436,-37.24002,-37.662846,-37.780598,-38.100624,-37.598092,53.19540831752161,0.0007355731690151572,0.2758135268708385,14.555620268479952,0.0007355731690151572,13.736961564320332,0.0007355731690151572,13.768958920045472,0.0007355731690151572,2.6776213956052316e+18,334.9495643753057,0.06856595,-1.19676773974918,0.07081642,1.649875889073035,0.07951201,15.889627,-8.330471074058106,0.07637544,-13.53083515520958,0.075848185,1.0964797,503635968.0,60.0,84.0,10.0,262144069.0,524416.0,0.0,262144069.0,524416.0,0.0,262144069.0,524416.0,0.0,262144069.0,524416.0,0.0,262144069.0,524416.0,0.0
1.0641334897141163e+17,334.89713962,0.020969999954104424,-1.3240049,0.02160000056028366,21.7392708111503,0.05723309372489484,21.160511877181996,0.03143102593339661,20.91905794483985,0.027484080349673454,20.802099844831773,0.09210905304583511,20.824362572357465,0.1355660181447442,5187.5,2.25,0.2,-37.502661,-38.02308,-38.233191,-38.30751,-38.35258,-38.371072,-38.333913,-37.887407,59.172865010072286,0.03571057771016164,0.08024838158082365,19.942602961030627,0.03571057771016164,19.481129256871007,0.03571057771016164,19.457100612596143,0.03571057771016164,-999,-999,-999,-999,-999,-999,-999,-999,-999,-999,-999,-999,-999,436527616.0,52.0,51.0,5.0,195035141.0,655360.0,196608.0,262144069.0,524416.0,196608.0,262144005.0,524416.0,196608.0,195035141.0,524288.0,196608.0,195035141.0,655360.0,196608.0
1.0644334953866675e+17,334.95385093,0.010280000045895576,-1.29473009,0.007340000011026859,20.125381414280472,0.013177909707144697,19.801237235692902,0.011467957515483946,19.798286989363366,0.009021783137481304,19.707529038150145,0.02323623689094854,19.920579092955137,0.07341705140425257,6500.0,5.0,-0.3,-38.825874,-39.082701,-39.130749,-39.10035,-39.07664,-38.938631,-38.700522,-38.212021,58.9138655540884,0.01589534531434066,0.08543385343343414,19.11604450504674,0.01589534531434066,18.855520800887128,0.01589534531434066,18.873487156612264,0.01589534531434066,2.6776075443355935e+18,334.9538515242855,0.60363585,-1.2947306343908647,0.5187223,0.13692832434015553,0.7967688,3.4019704,2.2186090756802215,0.7026638,-2.5789876066306796,0.7257294,1.0942627,436527104.0,52.0,69.0,5.0,262144069.0,524416.0,196608.0,262144069.0,524416.0,196608.0,262144069.0,524416.0,196608.0,262144069.0,524416.0,196608.0,195035141.0,524416.0,196608.0
1.0630334931605734e+17,334.93164565,0.01075000036507845,-1.41094244,0.005400000140070915,17.454737345200435,0.0019106073297154857,16.334216183241253,0.0008424549800973482,15.117608245732935,0.00044501705943849755,14.56851926712645,0.0008914092945375062,14.28302080434586,0.000945181103247498,3600.0,5.25,-3.7,-34.370028,-35.353768,-36.408712,-36.78025,-37.127324,-37.440923,-37.784489,-37.399731,51.55963676912938,0.0004998467282425149,2.209903012500255,13.259523720087724,0.0004998467282425149,12.417325015928107,0.0004998467282425149,12.331548371653243,0.0004998467282425149,2.677511719320342e+18,334.93166931448496,0.049921867,-1.4109465143371276,0.047141675,5.3301354714966465,0.067841195,41.954067,40.13593681016618,0.050965555,-12.21680638491999,0.06529893,1.0124662,503635968.0,60.0,88.0,5.0,262144069.0,524416.0,196608.0,262144069.0,524416.0,196608.0,262144069.0,524416.0,196608.0,262144069.0,524416.0,196608.0,262144069.0,524416.0,196608.0
1.067133509576932e+17,335.09578572,0.004470000043511391,-1.07273778,0.01042999979108572,20.560140941388724,0.023673487350210985,19.393627439561847,0.006762184806696274,18.67187889033309,0.003971480228874219,18.323753882521025,0.006761786696533473,18.099943990853028,0.011859301648482387,3700.0,5.25,-3.8,-35.321296,-36.317193,-36.986985,-37.128968,-37.499213,-37.672445,-37.998751,-37.539705,55.66060002893154,0.005686118524293937,0.7187007001202859,17.128964979889876,0.005686118524293937,16.304026275730266,0.005686118524293937,16.292537631455403,0.005686118524293937,2.6776300499643587e+18,335.09579056646254,0.29360387,-1.0727395551588692,0.321647,0.392193671799244,0.33590254,13.929396,10.500111607687572,0.3822146,-9.152907694970516,0.38365692,0.9247243,503635968.0,60.0,76.0,5.0,262144069.0,524416.0,196608.0,262144069.0,524416.0,196608.0,262144069.0,524416.0,196608.0,262144069.0,524416.0,196608.0,262144069.0,524416.0,196608.0
1.0630334979506e+17,334.97951364,0.004889999981969595,-1.40871264,0.00418000016361475,19.488569070885895,0.008053790417225763,18.45082266503697,0.0034058885904274154,18.00688990994495,0.0024192758293982088,17.863695995510906,0.00545502575564006,17.838875282221878,0.013285289474219784,4500.0,4.5,-3.0,-36.27167,-37.216797,-37.573534,-37.706332,-37.810689,-37.983031,-38.14987,-37.734808,55.64557498472013,0.0033974857475622938,0.23937046170498605,16.80335393567847,0.0033974857475622938,16.13788223151885,0.0033974857475622938,16.082409587243987,0.0033974857475622938,2.677602562173436e+18,334.979513709119,0.23026264,-1.4087169166807005,0.23366775,0.5372904922116114,0.3135662,7.910649,0.20484286585909464,0.21606483,-7.907996127731433,0.26486722,1.0880594,436527104.0,52.0,83.0,5.0,262144069.0,524416.0,196608.0,262144069.0,524416.0,196608.0,262144069.0,524416.0,196608.0,262144069.0,524416.0,196608.0,262144005.0,524416.0,196608.0
1.0672334998722794e+17,334.99868769,0.004559999797493219,-1.06045963,0.002369999885559082,18.824160059688513,0.006018350451237647,17.581103806592463,0.0018833411683566597,16.54455231644166,0.0009912350931720272,16.0824107446825,0.001460852864441027,15.756511282578908,0.002018919313330381,3500.0,5.25,-3.8,-34.337726,-35.495704,-36.362655,-36.694183,-37.110089,-37.41685,-37.655807,-37.27262,52.957819041996814,0.0013705500998585807,1.588844510351865,14.681778992955156,0.0013705500998585807,13.944189288795535,0.0013705500998585807,13.856841644520673,0.0013705500998585807,2.6776324551460516e+18,334.9986799453546,0.083662294,-1.0604602604484614,0.08598875,2.5665360615353188,0.094637945,19.560337,-18.97291559060436,0.107703745,-4.757653982309918,0.10724279,1.0614817,503635968.0,60.0,80.0,5.0,262144069.0,524416.0,196608.0,262144069.0,524416.0,196608.0,262144069.0,524416.0,196608.0,262144069.0,524416.0,196608.0,262144069.0,524416.0,196608.0
1.0671334893066477e+17,334.89303438,0.014069999568164349,-1.07144315,0.031230000779032707,19.400727592083925,0.009640833085701753,19.205261540484802,0.005560292872746326,19.010846519203938,0.004958560241936245,18.941237902261346,0.010787516399650848,18.986490537708086,0.025800149113451507,5875.0,0.25,1.0,-38.370785,-38.611325,-38.69802,-38.742369,-38.757391,-38.656315,-38.470669,-38.007146,57.744890818348416,0.006100714854634839,0.07780753422930894,18.229385769306756,0.006100714854634839,17.91639906514714,0.006100714854634839,17.909387420872278,0.006100714854634839,2.677627163746337e+18,334.89304158480826,0.29014674,-1.0714407994301318,0.26978552,-0.116033344807877,0.3349341,4.932519,4.675698621384952,0.35727847,-1.570855070642083,0.31124124,0.8742485,436527104.0,52.0,81.0,5.0,262144069.0,524416.0,196608.0,262144069.0,524416.0,196608.0,262144069.0,524416.0,196608.0,262144069.0,524416.0,196608.0,262144069.0,524416.0,196608.0
1.0630334844226597e+17,334.84424559,0.009119999594986439,-1.4120867,0.0101500004529953,21.92289202312098,0.06606501320753409,20.687836399938107,0.018704023066303522,19.324257399899974,0.008419222422953029,18.731558185345794,0.011086415805319003,18.582866118835753,0.01894115355593961,3600.0,5.25,-3.6,-34.029413,-34.985993,-36.222136,-36.695426,-36.990327,-37.347104,-37.702214,-37.356916,55.63454102542812,0.01451480026541424,2.5573317616458335,17.428246976386458,0.01451480026541424,16.574504272226847,0.01451480026541424,16.449267627951983,0.01451480026541424,2.677512264781231e+18,334.844245370358,0.6037006,-1.4120892752680383,0.55396414,2.0459082917420988,0.7041072,9.915272,-6.90444689343725,0.65933317,-7.116265010402198,0.76767826,1.0412602,436527104.0,52.0,56.0,5.0,195035141.0,655360.0,196608.0,262144069.0,524416.0,196608.0,262144069.0,524416.0,196608.0,262144005.0,524416.0,196608.0,262144069.0,524416.0,196608.0
1.0674334877643408e+17,334.8776657,0.010999999940395355,-1.04702327,0.031380001455545425,19.892024185830326,0.011143065770042685,18.656514613829,0.004396691618682436,17.354600060455574,0.0018100871059723309,16.8526487949314,0.002313389905249858,16.568354143422745,0.004108920342664165,3400.0,5.25,-3.9,-33.768109,-34.920906,-35.953811,-36.371386,-36.883879,-37.315431,-37.613851,-37.226192,53.444446559693816,0.0026000786642912787,2.3373581993101973,15.269825510652158,0.0026000786642912787,14.472772806492543,0.0026000786642912787,14.38989716221768,0.0026000786642912787,2.677633314139518e+18,334.8776728045119,0.19764996,-1.0470264133657086,0.21496949,2.1015902960503072,0.2247172,20.131859,10.943260220302108,0.25509253,-16.89783484454045,0.25556853,1.3083704,503635968.0,60.0,83.0,5.0,262144005.0,524416.0,196608.0,262144005.0,524416.0,196608.0,262144069.0,524416.0,196608.0,262144069.0,524416.0,196608.0,262144069.0,524416.0,196608.0
1.0651334989253682e+17,334.98924952,0.0033499998971819878,-1.23636785,0.002739999908953905,19.702574169978558,0.009929246495187232,18.412086747339995,0.0030061199275690054,17.633351810466717,0.0023492358764213798,17.359580997605946,0.0036155362706344883,17.226574990863337,0.006498585970754376,3700.0,5.25,-3.8,-35.321296,-36.317193,-36.986985,-37.128968,-37.499213,-37.672445,-37.998751,-37.539705,54.71756474325091,0.0025957605770004282,0.7605579306287178,16.185929694209246,0.0025957605770004282,15.360990990049636,0.0025957605770004282,15.349502345774775,0.0025957605770004282,2.677609296682285e+18,334.98925572908223,0.18550408,-1.2363659784430785,0.17871617,0.5204308734495839,0.22285384,17.201782,16.778320536878926,0.20578656,3.7933171590551797,0.20702101,1.0906119,503635968.0,60.0,76.0,5.0,262144069.0,524416.0,196608.0,262144069.0,524416.0,196608.0,262144069.0,524416.0,196608.0,262144069.0,524416.0,196608.0,262144069.0,524416.0,196608.0
1.0675335086040523e+17,335.08605316,0.0017500000540167093,-1.03769198,0.003449999960139394,17.333817688196905,0.002305462615830269,16.76621678371198,0.0011537700593929278,16.66321595840036,0.0011477439209728864,16.627178177658905,0.002376404397223981,16.540037351001722,0.00409596739962866,5625.0,0.0,-2.4,-38.031668,-38.579753,-38.694352,-38.691948,-38.786581,-38.663766,-38.422844,-37.96756,55.342953591793986,0.001102504532943769,0.01426500177520958,15.819997542752322,0.001102504532943769,15.562286838592712,0.001102504532943769,15.54703619431785,0.001102504532943769,2.677631188130217e+18,335.08605383277035,0.06889343,-1.0376940436491768,0.07441552,0.5297358928447916,0.08088384,6.9311576,0.9636241091474176,0.0956543,-6.863845568418503,0.09095743,0.9471097,503635968.0,60.0,75.0,5.0,262144069.0,524416.0,196608.0,262144069.0,524416.0,196608.0,262144069.0,524416.0,196608.0,262144069.0,524416.0,196608.0,262144069.0,524416.0,196608.0
1.0653334830976056e+17,334.8309711,0.011660000309348106,-1.22485032,0.011680000461637974,22.582757081224624,0.12723718403402573,21.286838344630787,0.03328918185104664,20.335721799207548,0.017301001591765425,19.87900637222816,0.023339157577757987,19.791806003279696,0.04861404163134321,3600.0,5.25,-3.8,-34.710644,-35.721542,-36.595287,-36.865073,-37.264321,-37.534743,-37.866763,-37.442545,57.00659932011416,0.028639019959120285,1.2319958499646213,18.612666271072502,0.028639019959120285,17.782013566912887,0.028639019959120285,17.73569692263802,0.028639019959120285,-999,-999,-999,-999,-999,-999,-999,-999,-999,-999,-999,-999,-999,436527104.0,52.0,60.0,5.0,195035141.0,655360.0,196608.0,262144069.0,524416.0,196608.0,262144069.0,524416.0,196608.0,262144069.0,524416.0,196608.0,195035141.0,524288.0,196608.0
1.0642335117213552e+17,335.11719368,0.008410000242292881,-1.31248699,0.0086899995803833,21.24385219738779,0.03623604378752595,20.352518043438433,0.013786336950450504,20.06749794795898,0.011771374043581456,19.88395176872631,0.021553236774321676,19.827724606020684,0.048453068884682586,4750.0,0.25,-0.2,-36.798209,-37.608944,-37.880953,-37.989863,-38.115575,-38.199647,-38.212193,-37.772891,57.95381771270644,0.013347540751090481,0.1338114099677557,18.89498066366478,0.013347540751090481,18.383801959505163,0.013347540751090481,18.352569315230298,0.013347540751090481,2.677605242233448e+18,335.1171901628254,1.0690979,-1.3124867131744136,0.91199064,0.498410238264128,1.1898042,5.9140587,-2.0777865218551126,1.2164055,-5.537047574782871,1.2037864,1.0070392,436527104.0,52.0,74.0,5.0,262144005.0,524416.0,196608.0,262144069.0,524416.0,196608.0,262144069.0,524416.0,196608.0,262144069.0,524416.0,196608.0,195035141.0,524416.0,196608.0
1.066833512891992e+17,335.12891779,0.001560000004246831,-1.09271619,0.002050000010058284,17.060030753792862,0.0016470670024145337,16.05496149942986,0.0006951541430964576,15.659512784754938,0.0006439266128723016,15.495684230547011,0.0010444837539971814,15.439762157026703,0.0018741156230106216,4500.0,4.0,-3.0,-36.313067,-37.223509,-37.562711,-37.69295,-37.795527,-37.97905,-38.149168,-37.73069,53.25954308511027,0.0005732003543840041,0.20776834578219827,14.421303036068611,0.0005732003543840041,13.752552331908994,0.0005732003543840041,13.700495687634133,0.0005732003543840041,2.6776297750864415e+18,335.12891290642733,0.050752666,-1.0927236802524571,0.05227556,1.4517765885858789,0.058881268,20.143732,-8.583395306490106,0.060740843,-18.22348185013155,0.06541074,1.066232,503635968.0,60.0,92.0,5.0,262144069.0,524416.0,196608.0,262144069.0,524416.0,196608.0,262144069.0,524416.0,196608.0,262144069.0,524416.0,196608.0,262144069.0,524416.0,196608.0
1.0654335185003992e+17,335.18503035,0.002630000002682209,-1.20879215,0.0028099999763071537,19.87892340202241,0.01672891278455452,18.78969438592499,0.004546249965753715,18.260120391009412,0.002996259917583711,17.92651527759712,0.005690956608319583,17.733199019797016,0.009915373060818973,3700.0,5.25,-3.9,-35.71008,-36.718308,-37.208436,-37.24002,-37.662846,-37.780598,-38.100624,-37.598092,55.42562849527019,0.004196208265808822,0.5323673537557551,16.78584044622853,0.004196208265808822,15.96718174206891,0.004196208265808822,15.99917909779405,0.004196208265808822,2.677614862959919e+18,335.185031706381,0.21911225,-1.208795516053346,0.23775509,0.866625750713799,0.26055893,11.522188,3.518440995746906,0.275662,-10.97184503254856,0.287384,1.051208,503635968.0,60.0,68.0,20.0,262144069.0,524416.0,0.0,262144069.0,524416.0,0.0,262144069.0,524416.0,0.0,262144069.0,524416.0,0.0,262144069.0,524416.0,0.0
1.0642334981554035e+17,334.98152428,0.006899999920278788,-1.31675216,0.007530000060796738,20.319907904921603,0.013888773239752399,19.98211777067692,0.011025952805001047,19.9518257028289,0.010470656868581963,19.924434827966206,0.025449214767332837,20.11398737683058,0.0776960508317101,6562.5,5.0,-2.3,-38.902431,-39.208901,-39.242879,-39.182226,-39.170896,-39.010269,-38.732307,-38.246165,59.19992131664484,0.01686231675629475,0.07260745344868413,19.330462267603178,0.01686231675629475,19.109791563443565,0.01686231675629475,19.125398919168703,0.01686231675629475,2.6776072694576686e+18,334.9815249482027,0.82531136,-1.3167566127304797,0.8680812,-2.908890923014197,0.8802201,5.3650866,5.269326853349957,0.9191837,1.009133121339621,1.1416199,0.92860186,436527104.0,52.0,73.0,5.0,262144069.0,524416.0,196608.0,262144005.0,524416.0,196608.0,262144069.0,524416.0,196608.0,262144069.0,524416.0,196608.0,195035141.0,524416.0,196608.0
1.0677335040733864e+17,335.04072207,0.018160000443458557,-1.01819911,0.018530000001192093,22.83147201260172,0.14877437835852833,21.658125833919982,0.03940932210047922,20.79272170467594,0.022468020004090032,20.38327730261976,0.04356307854644435,20.17926947622114,0.07637102288452671,3700.0,5.25,-3.7,-34.932512,-35.916079,-36.765533,-37.017915,-37.335581,-37.564293,-37.896877,-37.481317,57.56249726600771,0.0357334561419198,1.045437237064873,19.13901421696605,0.0357334561419198,18.30779751280643,0.0357334561419198,18.252822868531574,0.0357334561419198,-999,-999,-999,-999,-999,-999,-999,-999,-999,-999,-999,-999,-999,436527104.0,52.0,41.0,5.0,195035141.0,655360.0,196608.0,195035205.0,524416.0,196608.0,262144069.0,524416.0,196608.0,195035141.0,524416.0,196608.0,195035141.0,655360.0,196608.0
1.0674334872711851e+17,334.87273273,0.02345000021159649,-1.04334217,0.03491000086069107,21.075566911393942,0.04034716461032619,19.74563637904883,0.011721328711693263,18.628113604632816,0.004837831418258909,18.200736431830606,0.006479776632426968,17.99853942959756,0.01485322219267396,3600.0,5.25,-3.7,-34.370028,-35.353768,-36.408712,-36.78025,-37.127324,-37.440923,-37.784489,-37.399731,55.13773495130076,0.009058241697819517,1.6068721929374077,16.837621902259098,0.009058241697819517,15.99542319809948,0.009058241697819517,15.909646553824617,0.009058241697819517,2.677633314139519e+18,334.8727372927027,0.3428381,-1.0433457221895657,0.35617575,0.4684707227105121,0.39994156,18.63723,10.363371059729804,0.439539,-15.490219242009752,0.42673355,1.140106,503635968.0,60.0,71.0,5.0,262144005.0,524416.0,196608.0,262144005.0,524416.0,196608.0,262144069.0,524416.0,196608.0,262144069.0,524416.0,196608.0,262144069.0,524416.0,196608.0
1.0632335191893472e+17,335.19191851,0.0037499999161809683,-1.39642739,0.002859999891370535,18.25314842606289,0.0042442281647602,17.357383255795533,0.0017783341654610972,16.94212686518898,0.0014359263018454296,16.719370862064167,0.0023963657734245294,16.65324603793645,0.004036970470112039,4375.0,2.0,0.3,-36.251593,-37.045641,-37.406887,-37.578907,-37.689682,-37.866802,-38.055097,-37.642926,54.37959708940961,0.001345771584772373,0.26912072316952956,15.653605040367946,0.001345771584772373,14.966677336208328,0.001345771584772373,14.908313691933467,0.001345771584772373,2.6775568293616783e+18,335.1919171025369,0.10831863,-1.3964312441481976,0.097719155,1.117806051807602,0.12609875,12.072174,-3.0858470440860364,0.13396806,-11.671115814003869,0.12522164,1.1034268,503635968.0,60.0,74.0,10.0,262144069.0,524416.0,0.0,262144069.0,524416.0,0.0,262144069.0,524416.0,0.0,262144069.0,524416.0,0.0,262144069.0,524416.0,0.0
1.0662335029500181e+17,335.0295098,0.002570000011473894,-1.14889126,0.0013500000350177288,19.36118247670689,0.00820882493994517,18.20358794556274,0.0023755254478885373,17.543610779925032,0.0018602370631242951,17.278844669874026,0.003705508515127006,17.077032358931564,0.005158744876935983,3700.0,5.25,-3.8,-35.321296,-36.317193,-36.986985,-37.128968,-37.499213,-37.672445,-37.998751,-37.539705,54.54358264620005,0.0021617756779115193,0.5445642463425532,16.011947597158386,0.0021617756779115193,15.187008892998776,0.0021617756779115193,15.175520248723915,0.0021617756779115193,2.677627782221582e+18,335.0295143634346,0.15063547,-1.1488934044908699,0.1571692,1.1322613095615603,0.18109083,15.305029,14.139835404713853,0.18556647,-5.857386146965194,0.1870888,0.9637118,503635968.0,60.0,82.0,5.0,262144069.0,524416.0,196608.0,262144069.0,524416.0,196608.0,262144069.0,524416.0,196608.0,262144069.0,524416.0,196608.0,262144069.0,524416.0,196608.0
1.0627334922826414e+17,334.92284651,0.0181099995970726,-1.43855145,0.009850000031292439,19.783681993792403,0.010280031357453551,18.629877100633642,0.003920147883166794,18.07270848447721,0.002873639476619606,17.794128094834434,0.004858142741444369,17.493914893808874,0.008793432865132558,3600.0,5.25,-4.0,-35.391875,-36.457092,-36.968438,-37.03472,-37.538315,-37.722382,-38.031312,-37.528174,55.032950113509315,0.0030346691445859732,0.44385369805582003,16.45137806446765,0.0030346691445859732,15.64381536030804,0.0030346691445859732,15.676418716033178,0.0030346691445859732,2.67751150886692e+18,334.92285338816237,0.21204883,-1.438550190912329,0.19205791,0.9023738940100612,0.25358143,6.71675,5.500735015591266,0.21796808,-3.85443240281062,0.22979034,0.9981626,503635968.0,60.0,74.0,5.0,262144069.0,524416.0,196608.0,262144069.0,524416.0,196608.0,262144069.0,524416.0,196608.0,262144069.0,524416.0,196608.0,262144069.0,524416.0,196608.0
1.0626335022382973e+17,335.02238223,0.006099999882280827,-1.44225086,0.0061599998734891415,22.871453535003205,0.14244201668896356,21.597379453607527,0.04222924729209995,19.645458459728108,0.008540029015468834,18.719749109950975,0.009307373130046093,18.284472734478122,0.015946119015918348,3200.0,3.25,-2.9,-32.499841,-33.484222,-35.23678,-35.936731,-36.344238,-36.861356,-37.131682,-36.872006,54.92406505855359,0.029991249021748392,6.093899366555694,17.203519009511925,0.029991249021748392,16.434560305352313,0.029991249021748392,16.22370166107745,0.029991249021748392,2.6776014626623616e+18,335.0223948392618,1.126498,-1.4422838831756657,0.9271718,3.2125871821978342,1.3822442,37.419975,11.96352650374871,0.9512182,-35.45601020923107,1.1214361,1.1145018,503635968.0,60.0,60.0,5.0,195035141.0,655360.0,196608.0,195035141.0,524416.0,196608.0,262144069.0,524416.0,196608.0,262144069.0,524416.0,196608.0,262144069.0,524416.0,196608.0
1.0665335103104486e+17,335.10311454,0.01228999998420477,-1.12136582,0.011359999887645245,22.382814229908032,0.11424713111156855,21.145749195537984,0.024995127141093466,20.180379001637338,0.01473400256510604,19.696800439372467,0.023935161466318036,19.58569796214861,0.03753206138891904,3600.0,5.25,-3.8,-34.710644,-35.721542,-36.595287,-36.865073,-37.264321,-37.534743,-37.866763,-37.442545,56.8296615657209,0.025199842671042385,1.2891997270058262,18.435728516679237,0.025199842671042385,17.605075812519623,0.025199842671042385,17.558759168244755,0.025199842671042385,-999,-999,-999,-999,-999,-999,-999,-999,-999,-999,-999,-999,-999,436527104.0,52.0,58.0,5.0,195035141.0,655360.0,196608.0,262144005.0,524416.0,196608.0,262144069.0,524416.0,196608.0,262144069.0,524416.0,196608.0,262144005.0,524416.0,196608.0
1.0660334937600694e+17,334.93757519,0.009100000374019146,-1.16124099,0.009270000271499157,22.3892962850464,0.09583702474431308,21.263089220506064,0.02796802682844085,19.96559050410969,0.011311037052727707,19.398332405089846,0.01815122877018783,19.07793641021158,0.0238741037826093,3600.0,5.25,-3.7,-34.370028,-35.353768,-36.408712,-36.78025,-37.127324,-37.440923,-37.784489,-37.399731,56.42686536499272,0.020970765682747153,2.612142609300786,18.126752315951062,0.020970765682747153,17.284553611791445,0.020970765682747153,17.19877696751658,0.020970765682747153,2.6776228344198615e+18,334.937564607607,4.178285,-1.16123960373999,2.3677824,nan,nan,nan,nan,nan,nan,nan,nan,436527104.0,52.0,61.0,5.0,195035141.0,655360.0,196608.0,262144005.0,524416.0,196608.0,262144069.0,524416.0,196608.0,262144069.0,524416.0,196608.0,262144069.0,524416.0,196608.0
1.0675334891487112e+17,334.89150134,0.00558000011369586,-1.04114548,0.009069999679923058,18.794433782066672,0.005919147892236422,17.795069764733668,0.0022203621830453437,17.440268364230096,0.0018724072355388727,17.287877617839484,0.003470624177020151,17.15805415611329,0.0061876280646226646,4625.0,0.0,-1.6,-36.528121,-37.455934,-37.736457,-37.866522,-38.054424,-38.152526,-38.144763,-37.726269,55.223432336996645,0.0019370513890342288,0.17493238857061996,16.21171628795498,0.0019370513890342288,15.720846583795371,0.0019370513890342288,15.668805939520505,0.0019370513890342288,2.677633279779781e+18,334.8915032708751,0.121269986,-1.0411435299283904,0.13301389,0.6360095354345193,0.14060639,2.518684,2.344406248809879,0.15946868,0.9206127610758988,0.15117714,0.9592559,503636096.0,60.0,78.0,5.0,262144069.0,524416.0,196608.0,262144069.0,524416.0,196608.0,262144069.0,524416.0,196608.0,262144069.0,524416.0,196608.0,262144069.0,524416.0,196608.0
1.0641334824694464e+17,334.82469566,0.012609999626874924,-1.32143151,0.01561999972909689,22.330923824141543,0.07995305197866329,21.179709208916677,0.026055999259079136,20.502121424432296,0.015330068730506744,20.200345546728755,0.04571109552925663,19.927734644412823,0.06023504602234686,3700.0,5.25,-3.8,-35.321296,-36.317193,-36.986985,-37.128968,-37.499213,-37.672445,-37.998751,-37.539705,57.47889792972642,0.022824707357749933,0.6043836655228458,18.947262880684757,0.022824707357749933,18.122324176525147,0.022824707357749933,18.110835532250285,0.022824707357749933,-999,-999,-999,-999,-999,-999,-999,-999,-999,-999,-999,-999,-999,436527104.0,52.0,56.0,5.0,195035141.0,655360.0,196608.0,262144069.0,524416.0,196608.0,262144069.0,524416.0,196608.0,195035141.0,524416.0,196608.0,195035141.0,655360.0,196608.0
1.0626334842607915e+17,334.84260047,0.01498000044375658,-1.44275432,0.014639999717473984,19.10090165580921,0.006090864759449539,18.333052927016485,0.0029347948128196325,18.10892303712776,0.0027639776757299225,17.79622523311055,0.005242074802016945,17.66959319837146,0.01036437459654871,4500.0,3.25,-1.6,-36.456015,-37.157936,-37.479302,-37.6398,-37.738483,-37.897296,-38.064299,-37.648165,55.49604641028711,0.0027440906377939923,0.2762330659603295,16.73956036124545,0.0027440906377939923,16.073924657085833,0.0027440906377939923,16.01952401281097,0.0027440906377939923,2.677511302708488e+18,334.8425904615854,0.18198927,-1.4427666459825874,0.1619044,0.5915778590566931,0.20709974,28.204813,-10.670901911225409,0.19617952,-26.108299568718486,0.19707644,0.8908548,503635968.0,60.0,82.0,5.0,262144069.0,524416.0,196608.0,262144069.0,524416.0,196608.0,262144069.0,524416.0,196608.0,262144069.0,524416.0,196608.0,262144069.0,524416.0,196608.0
1.0677335002454323e+17,335.00247575,0.0037499999161809683,-1.02267813,0.0022100000642240047,18.8140958677021,0.005457030394765564,18.45136833325069,0.003221334612645864,18.319246709049782,0.005094606985082262,18.26015412180801,0.006708838828451395,18.19310852054505,0.01152033698567734,5625.0,0.0,0.2,-38.097755,-38.457704,-38.579674,-38.627742,-38.659093,-38.588557,-38.433963,-37.972969,56.891988310471135,0.0031230618337661957,0.03907278808883001,17.44424126142947,0.0031230618337661957,17.10020255726986,0.0031230618337661957,17.090661912994996,0.0031230618337661957,2.67763286746293e+18,335.00247675962805,0.18034056,-1.022680761828279,0.18682598,0.261756996708643,0.20526709,8.593979,2.5881771732325305,0.23576888,-8.194987427835734,0.23986806,1.123403,436527104.0,52.0,77.0,5.0,262144069.0,524416.0,196608.0,262144069.0,524416.0,196608.0,262144069.0,524416.0,196608.0,262144069.0,524416.0,196608.0,262144069.0,524416.0,196608.0
1.0671335050890349e+17,335.05090533,0.0014600000577047467,-1.07249127,0.0041600000113248825,16.153634246669437,0.0011343755630741795,15.856108953909533,0.0006766933543718665,15.689018423515485,0.0006051918929648322,15.68594912568115,0.0013113827509313276,15.562003694384726,0.0018361727335173144,5687.5,0.0,1.0,-38.168633,-38.470586,-38.588227,-38.643797,-38.66497,-38.589742,-38.429685,-37.970797,54.29658548883207,0.0005367395669415077,0.0709275789873297,14.84765343979041,0.0005367395669415077,14.509077735630797,0.0005367395669415077,14.497431091355937,0.0005367395669415077,2.677629362769592e+18,335.05090826376573,0.040725656,-1.072494788785475,0.044120014,0.40872310791130234,0.047721904,10.5677395,6.7966433617207205,0.05086363,-8.092141449066716,0.053546544,1.0675802,503635968.0,60.0,89.0,5.0,262144069.0,524416.0,196608.0,262144069.0,524416.0,196608.0,262144069.0,524416.0,196608.0,262144069.0,524416.0,196608.0,262144069.0,524416.0,196608.0
1.0636334953014795e+17,334.95302859,0.008910000324249268,-1.3604243,0.004339999984949827,20.31714581172082,0.01588274358282788,19.79438392752563,0.00883017163487729,19.561995477589605,0.007342928078392559,19.535691062110168,0.018753290200079407,19.382651556851904,0.03455710706372511,5375.0,0.0,-0.2,-37.746993,-38.28827,-38.457526,-38.499178,-38.56022,-38.519212,-38.380595,-37.930273,58.02881096715962,0.008786425005713874,0.11005673960958974,18.650408918117957,0.008786425005713874,18.290393213958346,0.008786425005713874,18.270180569683482,0.008786425005713874,2.677605929427832e+18,334.9530289262687,0.5617676,-1.3604261259132926,0.418861,-0.2323777931195859,0.7072496,9.074806,0.44249887814131983,0.5378754,-9.064011540634693,0.58448815,0.9166402,436527104.0,52.0,86.0,5.0,262144069.0,524416.0,196608.0,262144069.0,524416.0,196608.0,262144069.0,524416.0,196608.0,262144069.0,524416.0,196608.0,262144005.0,524416.0,196608.0
1.062933515137179e+17,335.15139969,0.00343000004068017,-1.4187502,0.0032399999909102917,17.951236138922496,0.00296639791371198,17.171066691233978,0.0013742162786442077,16.80067338603897,0.0012102085824342726,16.741047574118348,0.0027190939692402706,16.611119811947106,0.004052972856706495,4875.0,0.0,-0.1,-36.991847,-37.756255,-38.018619,-38.110291,-38.215126,-38.270854,-38.248569,-37.80599,54.873456320452185,0.001199544126186636,0.17301826070579585,15.743412271410524,0.001199544126186636,15.267064567250905,0.001199544126186636,15.239108922976046,0.001199544126186636,2.677556318260785e+18,335.1514040651711,0.10441329,-1.4187413437473333,0.091460474,1.0493415429141275,0.11734709,20.65351,17.97425491334938,0.116199635,10.17318147259133,0.11505866,1.0258894,503635968.0,60.0,81.0,5.0,262144069.0,524416.0,196608.0,262144069.0,524416.0,196608.0,262144069.0,524416.0,196608.0,262144069.0,524416.0,196608.0,262144069.0,524416.0,196608.0
1.0660334834492944e+17,334.83449725,0.009100000374019146,-1.15920991,0.015350000001490116,19.304117002244215,0.006977067781045846,18.825856151819455,0.004277187290499895,18.61403449654541,0.004192924046475386,18.535080848114145,0.0076007386438183945,18.46614233883169,0.013952277107773688,5312.5,1.5,1.0,-37.657461,-38.105775,-38.305507,-38.379419,-38.412886,-38.4129,-38.352087,-37.904924,56.921255767510985,0.003671466641126259,0.07499828870547674,17.649165718469323,0.003671466641126259,17.21134601430971,0.003671466641126259,17.187974370034844,0.003671466641126259,2.67762561755806e+18,334.83450258664203,0.3017905,-1.159209697407451,0.4546474,0.18459651159106433,0.30181473,14.622056,7.176147423168438,0.3939671,-12.739992973489903,0.5638914,1.095357,436527104.0,52.0,92.0,5.0,262144069.0,524416.0,196608.0,262144069.0,524416.0,196608.0,262144069.0,524416.0,196608.0,262144069.0,524416.0,196608.0,262144069.0,524416.0,196608.0
1.06283349201485e+17,334.92009746,0.012299999594688416,-1.42952232,0.012629999779164791,22.48138562943905,0.09830809325226397,21.34403430587607,0.03976502529788677,20.43822610395211,0.016333021186077556,19.97507672294159,0.027960147494519878,19.833170371630576,0.05680304230395964,3700.0,5.25,-3.7,-34.932512,-35.916079,-36.765533,-37.017915,-37.335581,-37.564293,-37.896877,-37.481317,57.207902626767876,0.02491654990547688,1.1861231104806897,18.784419577726215,0.02491654990547688,17.953202873566596,0.02491654990547688,17.89822822929174,0.02491654990547688,-999,-999,-999,-999,-999,-999,-999,-999,-999,-999,-999,-999,-999,436527232.0,52.0,52.0,5.0,195035141.0,655360.0,196608.0,195035141.0,524416.0,196608.0,262144069.0,524416.0,196608.0,262144069.0,524416.0,196608.0,195035141.0,655360.0,196608.0
1.0668334898062882e+17,334.89807139,0.01071999967098236,-1.09306195,0.032680001109838486,20.970181995377974,0.033632321066731495,19.72530085154988,0.00927256787909123,18.338689324179857,0.003987177014153893,17.763161987832106,0.0038953198936646817,17.473670272671587,0.00681550016740177,3400.0,5.25,-3.9,-33.768109,-34.920906,-35.953811,-36.371386,-36.883879,-37.315431,-37.613851,-37.226192,54.43381908632227,0.007196209211956239,2.746548551012902,16.259198037280616,0.007196209211956239,15.462145333121,0.007196209211956239,15.379269688846138,0.007196209211956239,2.6776263047528653e+18,334.89807245261875,0.25598603,-1.0930624417296413,0.26169243,1.70086336482157,0.31740725,7.3731346,6.596771628835336,0.34466085,-3.2932833467494023,0.35102317,1.0219247,503635968.0,60.0,74.0,5.0,262144005.0,524416.0,196608.0,262144069.0,524416.0,196608.0,262144069.0,524416.0,196608.0,262144069.0,524416.0,196608.0,262144069.0,524416.0,196608.0
1.0671334972702656e+17,334.97269801,0.010889999568462372,-1.06993834,0.011479999870061874,22.196432858897893,0.08494506094934799,20.859977155643747,0.021520004497654448,20.282602035298257,0.01492805524123477,19.931658200944455,0.03807211447590144,19.912049697195204,0.0647080426099461,3900.0,5.25,-3.6,-35.248419,-36.397096,-36.956613,-37.155541,-37.339554,-37.557047,-37.86824,-37.466189,57.255988589595916,0.02327078639464478,0.5200493380075668,18.839751540554257,0.02327078639464478,18.02992583639464,0.02327078639464478,17.961442192119776,0.02327078639464478,2.677632111548936e+18,334.9727055923889,3.4469645,-1.0699646522635973,2.0949185,nan,nan,nan,nan,nan,nan,nan,nan,436527104.0,52.0,53.0,5.0,195035141.0,655360.0,196608.0,262144069.0,524416.0,196608.0,262144069.0,524416.0,196608.0,195035205.0,524416.0,196608.0,195035141.0,524416.0,196608.0
1.0662335196780894e+17,335.19677731,0.0024999999441206455,-1.14290384,0.0025400000158697367,20.140465270921037,0.015085316163376244,18.92936837897619,0.004302451791632458,17.72718102851231,0.0020313965343744514,17.148630350209476,0.003287661386528076,16.843433754218147,0.004150895509369478,3400.0,5.25,-4.0,-33.977897,-35.132432,-36.04554,-36.402014,-36.961987,-37.389647,-37.68894,-37.271563,53.86178975656745,0.003336123966344068,2.2178934992437664,15.612952707525789,0.003336123966344068,14.815027003366168,0.003336123966344068,14.761869359091309,0.003336123966344068,2.677616855824785e+18,335.1967577668069,0.19787884,-1.1429288462315217,0.21670993,1.861887894532006,0.2164402,31.989155,-17.310678264503693,0.24000828,-26.90067807962213,0.23895623,1.1189649,503635968.0,60.0,82.0,10.0,262144005.0,524416.0,0.0,262144069.0,524416.0,0.0,262144069.0,524416.0,0.0,262144069.0,524416.0,0.0,262144069.0,524416.0,0.0
1.064933488902794e+17,334.88908991,0.01066999975591898,-1.25079122,0.005030000116676092,20.324563041342028,0.014563924138944034,19.613029490991718,0.009332153582532903,19.445014485118808,0.006827022185918992,19.439008365474667,0.020117271742833835,19.383372651012557,0.038809097509585805,5500.0,1.5,-2.5,-37.81991,-38.459176,-38.606702,-38.619559,-38.707181,-38.636234,-38.428588,-37.971848,58.08350320678795,0.009500854447097879,0.028018845960745234,18.58807915774629,0.009500854447097879,18.29709245358668,0.009500854447097879,18.28329780931181,0.009500854447097879,2.6776197119779794e+18,334.8890914837437,0.5134793,-1.2507912925765905,0.42456055,-0.04182338732709526,0.5865049,4.224329,1.483958748493882,0.6429893,-3.955100930302515,0.55357915,0.9892442,436527104.0,52.0,79.0,5.0,262144069.0,524416.0,196608.0,262144069.0,524416.0,196608.0,262144069.0,524416.0,196608.0,262144005.0,524416.0,196608.0,195035205.0,524416.0,196608.0
1.0657335049240525e+17,335.04923328,0.0029200001154094934,-1.18768338,0.005849999841302633,17.576000716404135,0.0025908863376291466,17.250524463899374,0.0014042478597629685,17.154477178239873,0.0014600643790450998,17.10734201960699,0.0027570712729911534,17.07759659407261,0.0050047909151790995,5812.5,0.0,0.0,-38.321307,-38.646053,-38.727607,-38.758543,-38.792107,-38.674934,-38.469071,-38.006962,55.882311594444595,0.0013185714416159774,0.015789077573854348,16.348187545402933,0.0013185714416159774,16.05541784124332,0.0013185714416159774,16.046992196968453,0.0013185714416159774,2.6776157219533926e+18,335.0492308201529,0.09326296,-1.1876882220998333,0.092973836,0.3089263807551745,0.10918255,10.837069,-3.0013621681917204,0.11411706,-10.41315879833497,0.116877005,1.0316613,503635968.0,60.0,87.0,10.0,262144069.0,524416.0,0.0,262144069.0,524416.0,0.0,262144069.0,524416.0,0.0,262144069.0,524416.0,0.0,262144069.0,524416.0,0.0
1.0658335238674797e+17,335.23865778,0.002739999908953905,-1.17705967,0.0015399999683722854,18.617677792146438,0.0041361726824492295,18.140600869684405,0.002603723183437084,17.95470876398595,0.002572317606392149,17.894377545147737,0.005879964329861224,17.874037597921568,0.015501252978757308,5500.0,0.5,0.2,-37.912575,-38.344439,-38.505051,-38.553834,-38.584196,-38.538833,-38.407863,-37.956564,56.476299513777214,0.003494950306799996,0.04210611181939559,17.078276464735556,0.003494950306799996,16.71061376057594,0.003494950306799996,16.691378116301074,0.003494950306799996,2.677613557289881e+18,335.2386567330459,0.14102715,-1.177061105847814,0.1396798,0.5777357674813015,0.16008218,5.208415,-2.4088389794860676,0.16972475,-4.617908582064359,0.15938194,1.0186119,503635968.0,60.0,80.0,5.0,262144069.0,524416.0,196608.0,262144069.0,524416.0,196608.0,262144069.0,524416.0,196608.0,262144069.0,524416.0,196608.0,262144069.0,524416.0,196608.0
1.0633335135223773e+17,335.13523442,0.007290000095963478,-1.38554442,0.007369999773800373,21.843667797292262,0.05261201989957062,20.597341114847257,0.015616114027637427,19.74687876668229,0.009121317949841005,19.321684061777436,0.018215265665018087,19.083379752776906,0.02763211255559935,3500.0,5.25,-4.0,-34.684886,-35.794762,-36.506989,-36.718367,-37.250151,-37.556015,-37.860125,-37.399868,56.30962129867524,0.012946683967582712,1.0363915965199713,17.894416249633576,0.012946683967582712,17.091673545473967,0.012946683967582712,17.0813959011991,0.012946683967582712,2.677603489888613e+18,335.1352192220691,1.207731,-1.3855439358874981,1.0022253,-1.4085978515933173,1.62019,14.913373,-14.688239556483921,1.1844769,-2.5815338952869653,1.4730917,0.89740974,436527104.0,52.0,74.0,5.0,195035141.0,655360.0,196608.0,262144069.0,524416.0,196608.0,262144069.0,524416.0,196608.0,262144069.0,524416.0,196608.0,262144069.0,524416.0,196608.0
1.0670335087768342e+17,335.0877891,0.011620000004768372,-1.08086575,0.012249999679625034,22.401090598927105,0.12174616145674087,21.45399731099701,0.035370133915611966,20.1748018401789,0.016811000186399642,19.527402722686936,0.019631192060143993,19.19810206958974,0.02969107161284476,3600.0,5.25,-3.7,-34.370028,-35.353768,-36.408712,-36.78025,-37.127324,-37.440923,-37.784489,-37.399731,56.559095308475946,0.026550124191911124,3.0520029980843475,18.258982259434287,0.026550124191911124,17.41678355527467,0.026550124191911124,17.331006910999804,0.026550124191911124,2.6776300198996516e+18,335.0877860743377,5.6107397,-1.0808586033649783,2.9403837,nan,nan,nan,nan,nan,nan,nan,nan,436527104.0,52.0,44.0,5.0,195035141.0,655360.0,196608.0,262144005.0,524416.0,196608.0,262144069.0,524416.0,196608.0,262144069.0,524416.0,196608.0,262144005.0,524416.0,196608.0
1.0653335201074357e+17,335.20108774,0.0041600000113248825,-1.22239645,0.002899999963119626,20.453391034141553,0.022091513584649818,19.310478151931292,0.006579289017060481,18.791562192928357,0.004803263864065843,18.506921966829683,0.008558625164739937,18.292107157382016,0.014914242266407965,3700.0,5.25,-3.9,-35.71008,-36.718308,-37.208436,-37.24002,-37.662846,-37.780598,-38.100624,-37.598092,55.97883010064259,0.005831219588628953,0.4331844486761743,17.33904205160093,0.005831219588628953,16.52038334744131,0.005831219588628953,16.55238070316645,0.005831219588628953,2.677611908022409e+18,335.20108603109895,0.32615024,-1.2223990631268564,0.31552038,0.511796723967793,0.36315125,9.332815,-4.4876537274024395,0.3776071,-8.18305580846414,0.3607749,1.0165051,436527104.0,52.0,66.0,10.0,262144069.0,524416.0,196608.0,262144069.0,524416.0,196608.0,262144069.0,524416.0,196608.0,262144069.0,524416.0,196608.0,262144069.0,524416.0,196608.0
1.0654334978821314e+17,334.97879661,0.015589999966323376,-1.21447475,0.011839999817311764,20.689645883868792,0.02185764949303163,19.45970836487399,0.007597112024848656,18.508357891440973,0.003924543465852857,18.124997147048795,0.007271735204762498,17.86399370118182,0.01056234119548728,3600.0,5.25,-3.8,-34.710644,-35.721542,-36.595287,-36.865073,-37.264321,-37.534743,-37.866763,-37.442545,55.160713997682876,0.005349079091999909,1.1426256093715919,16.766780948641216,0.005349079091999909,15.936128244481601,0.005349079091999909,15.889811600206736,0.005349079091999909,2.67762149438942e+18,334.9787985174663,0.29237995,-1.2144769937243445,0.27082974,0.48795311250555096,0.3497785,9.954165,0.37712108482977036,0.35637507,-9.947019096459032,0.3337711,1.0052153,503635968.0,60.0,69.0,10.0,262144005.0,524416.0,196608.0,262144069.0,524416.0,196608.0,262144069.0,524416.0,196608.0,262144069.0,524416.0,196608.0,262144069.0,524416.0,196608.0
1.0630334860165115e+17,334.86019357,0.016019999980926514,-1.41611957,0.015180000104010105,21.08644758875933,0.028003015964934583,20.841705067868123,0.02313422676281852,20.674668608631592,0.02299120312368233,20.579541006201488,0.05198709863597417,20.831094927021606,0.11898802848570504,6437.5,5.0,1.0,-38.658063,-38.891869,-38.9691,-38.964419,-38.945087,-38.831294,-38.630559,-38.147646,59.68839903969643,0.02735599833281306,0.14232385559201377,19.997914990654767,0.02735599833281306,19.700017286495154,0.02735599833281306,19.712395642220287,0.02735599833281306,-999,-999,-999,-999,-999,-999,-999,-999,-999,-999,-999,-999,-999,436527104.0,52.0,55.0,5.0,262144005.0,524416.0,196608.0,262144005.0,524416.0,196608.0,262144005.0,524416.0,196608.0,195035141.0,524288.0,196608.0,195035141.0,655360.0,196608.0
